,sex,age,generation
13081,0,4,5
9678,1,0,4
2011,0,1,2
23396,1,5,5
10570,0,4,5
4975,0,3,2
14207,0,2,5
7131,0,3,4
2499,0,5,5
24617,0,1,2
26209,0,0,2
15602,0,1,2
21267,1,1,0
472,0,2,0
2505,0,0,4
8626,0,2,0
11673,0,0,4
13339,0,5,5
24902,0,1,2
23420,1,1,2
25514,0,3,4
5115,0,1,2
16647,0,3,4
18533,0,5,5
2532,0,0,4
5953,0,0,4
11565,0,0,4
18556,1,0,4
23477,0,2,2
10688,1,0,4
22915,0,3,4
5152,0,0,4
10623,0,1,2
19493,0,4,5
19301,0,4,0
12685,0,5,5
18703,0,4,5
12268,0,0,4
25168,1,3,4
8662,0,3,4
873,0,1,2
26436,0,3,3
22285,0,1,2
17266,0,1,2
740,0,0,2
16872,0,4,5
15458,0,5,1
8653,1,3,4
14176,1,2,0
143,0,4,5
20213,0,1,4
18130,1,3,3
5465,0,4,5
10113,0,2,0
13120,0,1,4
15691,0,1,2
15928,1,3,4
15771,1,3,3
11098,0,3,2
18262,1,3,3
22746,0,3,3
20210,1,1,4
9477,0,0,2
18653,0,0,2
162,0,2,0
5437,0,4,5
12281,0,5,5
12185,0,5,1
24425,0,0,2
19459,0,2,0
19341,0,1,4
1115,0,3,4
15837,0,2,5
24736,1,3,4
2760,0,2,0
1072,1,1,2
16931,0,2,2
19889,0,1,2
24198,0,5,1
22955,0,3,3
3923,0,2,0
21877,0,2,2
498,1,0,4
19710,0,2,5
2635,1,5,5
2403,1,0,2
12978,1,3,4
3485,0,0,2
14969,0,0,4
6628,0,0,4
17600,0,5,1
18056,0,1,2
11971,0,3,3
11361,0,3,3
978,0,2,0
2281,0,4,5
21043,0,3,4
6866,0,1,4
10302,1,0,4
17805,0,3,3
9227,0,0,2
22974,0,3,3
9649,0,3,3
12211,0,3,4
2209,1,1,0
678,0,4,5
15317,0,4,1
2447,0,1,2
19078,1,3,2
2549,1,3,4
8194,0,5,5
763,0,2,0
3211,0,3,4
11130,0,2,0
7463,0,0,2
21626,0,2,2
9336,1,3,4
24235,0,5,5
17494,1,3,2
19594,0,3,3
15102,1,3,4
2740,0,5,5
20009,0,4,0
23516,1,5,5
12374,0,2,2
15520,0,3,4
1077,0,3,4
23835,0,2,2
4479,0,5,5
26531,0,2,5
23355,0,1,2
21422,0,2,0
1640,0,3,4
25897,1,3,4
16332,0,4,5
452,1,2,0
10603,0,5,5
18513,0,3,3
27106,0,4,5
17876,0,1,0
19318,1,3,3
2365,0,4,1
22767,0,1,4
20124,1,2,0
1531,0,0,2
15495,0,1,2
13758,1,3,4
5647,0,3,2
7860,0,3,4
3838,0,1,0
16465,0,2,0
10657,1,5,5
25958,1,3,4
4987,0,3,2
19199,0,3,4
15588,0,2,0
1150,0,1,2
23809,0,4,5
8339,0,3,3
16550,0,2,2
26437,0,5,5
8845,0,3,4
17814,0,1,4
14899,0,3,4
14289,0,1,2
7759,0,1,0
970,0,3,2
12967,1,3,4
1661,0,5,5
8207,0,3,4
10174,0,0,2
14165,1,3,4
571,1,1,4
6877,0,2,2
2530,1,3,4
20912,1,3,3
17425,1,3,3
7428,1,3,4
4230,0,3,2
14443,1,5,5
12300,0,1,2
968,0,1,0
5079,0,0,2
2627,0,0,4
16961,0,3,4
2085,1,3,3
10797,1,3,4
23260,0,1,4
881,0,0,4
6783,0,0,4
12317,0,5,5
15664,1,3,3
9817,0,3,4
5309,0,1,0
1040,0,0,2
23869,0,4,0
21403,1,5,1
18649,1,2,0
15790,0,3,3
14079,0,1,0
25315,1,0,2
13021,1,0,4
24427,1,3,4
20118,0,0,4
2046,0,1,2
13795,0,3,4
19941,0,1,2
5712,1,2,0
21938,0,4,5
9288,1,3,4
10221,0,4,5
13186,1,1,0
20154,0,3,3
14468,1,1,4
16085,1,3,3
16719,0,3,4
12,0,5,1
1436,0,3,2
14151,1,1,2
20227,0,4,0
2203,1,3,4
27192,0,0,4
13189,0,3,2
12282,0,3,4
13722,1,3,3
17734,0,3,3
7079,0,1,4
15972,0,3,4
18953,0,5,1
15435,0,0,2
21580,1,0,4
22852,0,0,2
4938,1,3,2
18968,0,1,2
19516,1,1,2
22381,0,3,3
5164,0,5,5
23167,1,3,4
2410,0,0,2
27684,0,4,5
17207,0,0,2
26088,0,0,2
2555,0,2,0
5934,0,3,3
16813,1,3,4
21103,0,3,4
12871,0,3,4
23488,0,1,4
7511,0,1,2
25838,1,3,4
5307,0,2,5
67,0,1,0
26406,0,0,4
20138,1,1,2
23224,0,1,2
7917,0,5,5
23692,0,1,2
9516,1,3,4
4145,0,1,4
14415,0,3,3
19666,0,3,3
3307,0,3,4
8628,0,3,4
5403,0,2,0
23427,0,2,0
22085,0,0,4
16870,0,1,2
3607,0,3,4
2292,1,2,0
24139,0,5,1
27051,0,3,4
11718,0,0,2
442,1,4,5
25731,0,3,2
15998,0,0,2
1335,0,1,2
741,0,1,2
5370,0,3,4
2877,1,1,4
6963,0,5,5
21725,0,5,1
22394,0,2,2
25896,0,2,0
11789,0,1,0
13891,0,3,4
21691,1,5,1
24123,0,4,5
22446,0,3,2
20022,0,1,4
24169,0,2,0
15425,1,3,4
11146,0,5,1
16036,0,5,5
16433,0,3,4
8184,0,3,4
13555,0,3,4
18383,0,5,1
24103,0,5,1
9826,0,1,2
2866,1,2,2
1039,0,1,2
21867,0,5,5
21292,1,2,0
19364,0,0,2
13411,0,3,2
2277,1,4,5
3108,0,4,5
1601,0,0,2
14204,0,4,1
3810,0,3,3
27720,0,4,5
19484,0,0,2
3996,0,1,2
20057,0,5,1
5815,0,5,1
3938,0,1,2
7019,0,0,4
22435,1,3,2
10977,1,3,3
12545,0,1,2
16152,0,1,4
6073,0,5,1
18367,0,1,2
9631,1,0,4
27615,0,3,4
4009,0,0,4
17161,1,3,4
25886,0,3,4
17456,0,1,0
17135,0,0,2
25176,0,2,0
19426,1,3,2
22181,0,0,4
23595,0,2,5
6186,0,5,1
522,1,0,4
15766,0,2,0
15824,0,2,5
4397,0,1,2
5270,0,2,5
4272,1,0,2
16013,1,5,5
22926,1,3,4
19745,0,4,1
20829,0,3,3
25814,1,3,4
9453,0,2,5
16095,0,4,5
16092,0,0,4
10567,0,0,4
7944,0,3,4
25662,1,2,2
22865,0,0,2
5118,1,3,4
9432,1,3,3
23261,0,0,4
12184,0,0,2
21954,1,4,5
22984,0,1,2
18789,1,3,4
2917,0,0,2
16991,1,3,4
12770,0,4,0
401,0,5,1
11754,0,3,4
332,1,1,0
701,0,4,5
24903,0,0,4
5812,0,3,4
21745,0,3,4
4255,0,3,4
18786,0,4,5
18238,1,3,3
25453,0,2,0
12867,0,2,0
27012,0,1,2
26905,0,0,2
22962,1,4,5
19722,0,2,5
27722,1,3,4
2884,0,5,5
1134,0,5,5
18992,0,2,0
20672,1,3,4
21390,1,3,4
10696,0,2,2
415,1,1,2
2552,1,2,0
2833,0,1,2
17028,1,4,5
14258,0,2,0
20480,0,3,4
2772,0,1,2
10679,1,3,3
44,0,3,4
11768,1,3,4
17530,0,5,1
5382,0,3,4
18754,0,4,5
14091,0,4,5
18567,0,4,1
5237,0,5,5
5882,0,1,2
1709,0,4,5
1005,0,0,2
2010,0,0,4
20516,0,3,3
20660,1,3,4
3941,0,5,1
14671,0,3,4
6151,0,5,1
10754,1,2,5
16404,0,1,2
15676,0,1,4
3917,0,5,1
24079,1,3,2
9994,0,1,4
11948,0,3,3
9646,1,3,3
22253,0,5,5
20444,0,3,4
21347,0,0,2
26365,0,1,4
7335,0,3,3
471,0,1,2
15822,0,1,0
5670,1,3,2
5044,0,0,2
1216,1,1,4
20814,0,1,2
12186,1,3,4
25764,0,4,1
26210,1,3,4
14839,0,3,4
2460,0,0,2
27590,1,3,4
26709,0,2,0
22791,0,2,0
16929,0,0,4
25582,0,5,5
24144,1,4,5
5069,0,5,1
14358,1,4,5
316,0,4,1
1483,0,0,2
529,0,1,2
15818,1,1,0
12161,0,5,1
16798,0,1,2
20191,0,4,0
2438,0,4,5
2816,1,2,0
11769,1,5,1
23504,1,1,4
1161,1,3,3
21966,1,3,4
14572,0,1,2
8160,1,3,4
547,1,1,4
9191,0,0,2
4118,0,2,2
23259,0,2,2
22757,0,0,4
22831,0,3,4
8219,0,3,4
4127,1,0,4
14257,1,0,2
16132,1,3,3
2060,1,3,3
15413,1,3,4
5641,0,0,2
20140,0,0,4
15743,0,5,5
10950,0,5,5
3245,0,0,2
20010,0,2,2
26474,0,5,5
26424,0,3,4
10353,0,1,4
18970,1,3,4
11044,1,5,5
15340,0,3,2
21150,1,3,4
26186,1,3,4
18743,0,5,5
26555,0,2,0
17014,0,0,4
21664,1,2,5
3222,1,3,4
11421,0,0,2
25714,0,5,5
2430,1,4,5
23381,0,4,5
14537,0,1,0
17543,0,3,4
22264,0,5,5
17732,0,4,5
2324,1,5,5
13201,0,2,5
21373,0,2,0
9969,0,2,2
6438,1,3,4
16045,0,4,5
27071,0,1,2
11181,0,4,5
11032,1,5,5
10188,0,3,4
8012,0,1,4
1012,0,4,5
7655,0,0,4
17913,0,0,2
4312,0,0,2
23526,1,3,3
8495,0,1,2
12221,0,5,1
4044,0,0,4
7800,0,3,4
26677,0,0,4
26757,0,2,0
18727,0,5,5
9384,1,3,3
150,0,2,0
204,0,0,4
17830,0,3,3
20311,0,0,2
6182,0,1,2
16893,0,0,4
27623,0,1,2
21653,1,3,2
9457,1,3,2
10318,0,2,0
4214,0,4,1
14177,1,3,4
18293,0,4,1
19977,1,3,3
21883,1,5,5
15840,0,5,1
6943,1,2,0
17612,0,4,5
22744,0,0,4
23680,0,1,2
19018,1,3,3
20600,1,3,3
21651,1,1,0
16525,0,2,2
24544,0,1,2
6855,0,0,4
21528,0,1,2
27024,0,5,1
4302,1,3,4
10412,0,4,1
7713,0,1,0
2712,0,0,2
16862,0,3,3
17231,0,0,2
730,1,3,4
23389,0,0,4
26630,0,3,4
13330,1,4,5
23682,1,3,4
14375,0,4,5
9215,0,0,2
16420,0,5,5
24702,0,3,3
5261,0,5,5
19628,0,1,2
6580,0,1,4
21566,0,2,0
27315,0,3,4
7152,0,1,0
5393,0,1,2
2851,1,5,5
10504,0,1,2
1070,1,2,0
8604,0,3,3
25107,0,5,1
1518,0,2,0
22947,1,1,2
18190,0,3,3
11996,0,5,5
14657,0,4,5
19733,0,5,1
10715,0,5,1
7775,0,5,1
26014,0,4,0
14180,1,4,1
646,1,3,2
19494,1,0,2
13303,1,5,5
16213,0,4,1
18633,0,3,4
25946,1,3,4
2233,1,1,2
8182,0,2,0
22542,0,3,4
917,0,0,4
5009,0,5,1
24665,0,0,4
20907,0,5,5
14235,0,3,4
19127,0,3,4
14183,0,1,0
19411,0,2,5
10524,1,4,5
69,0,4,5
7869,0,2,0
23695,1,3,4
10315,0,5,5
10246,0,5,5
2873,1,3,3
25909,0,2,0
26,1,2,5
22396,0,4,0
6053,0,4,1
24652,0,1,2
11554,1,3,4
8315,0,3,3
22459,0,3,2
17100,1,3,2
305,0,5,1
23483,1,4,0
6653,1,3,4
11003,0,5,5
24938,0,1,4
18415,0,4,5
2806,0,0,4
4086,1,3,3
18639,0,5,1
5917,0,0,4
8684,0,2,0
24559,0,3,4
2717,1,3,4
20145,0,5,5
18929,0,0,2
514,1,4,5
4900,0,1,4
2695,1,5,1
18610,0,4,1
22337,1,3,3
12471,0,1,0
3739,1,3,3
8999,0,5,5
12318,0,3,4
25200,0,4,5
20612,1,3,2
19474,1,3,4
559,1,1,4
19531,0,1,2
1042,1,3,4
21348,0,2,5
13271,0,2,0
12757,1,0,4
1722,0,0,4
14171,0,3,4
21643,1,5,1
801,0,1,2
10293,0,2,0
25789,0,1,0
8917,0,3,4
23399,1,0,4
2510,0,5,5
13074,0,3,3
2495,0,1,2
21115,0,3,4
19268,0,0,4
10140,1,3,4
20183,1,5,5
20994,1,3,4
13132,0,1,4
9397,0,3,3
26461,0,5,5
306,1,0,2
25181,0,3,4
15699,1,3,4
5094,1,3,4
11994,0,2,2
21593,1,0,4
8542,0,2,2
7619,0,1,2
17305,0,3,4
23656,0,1,2
11997,1,5,5
10008,1,3,3
10413,0,5,1
18306,0,4,1
20432,0,3,4
19927,0,5,5
7977,0,4,5
16606,0,5,1
1336,0,2,0
25810,0,0,2
1313,0,3,4
2625,1,2,2
24295,0,3,3
10902,0,0,4
26617,0,0,2
12307,0,3,4
5425,0,5,1
22422,1,3,2
272,1,2,5
2219,0,4,5
26762,0,3,3
21746,0,4,5
15856,1,4,1
23117,0,1,2
15054,1,3,4
19339,0,5,5
13999,0,3,3
2071,0,1,2
1256,0,1,4
23508,1,4,0
4759,0,3,4
17125,0,3,2
22615,1,3,4
17802,0,1,2
4602,1,3,2
2667,0,4,1
10670,0,0,4
5701,0,0,2
12246,1,3,4
13280,1,1,2
18322,0,3,2
21592,0,5,5
7022,0,1,2
4361,0,1,2
11739,0,0,2
1533,0,3,4
106,1,3,4
18850,0,3,3
14070,1,4,5
23398,1,2,0
24307,1,3,3
15738,0,2,0
5176,0,0,4
21485,0,5,5
10865,0,0,2
1856,0,3,2
19676,0,1,4
4226,0,4,1
20003,1,3,3
19582,0,3,4
11444,0,1,2
5789,0,5,1
3876,0,3,4
24485,0,0,2
21642,1,4,1
19735,0,4,1
11778,0,3,4
2012,1,3,4
21571,1,5,5
14359,1,5,5
22471,0,3,2
7250,1,3,4
1641,1,3,4
2942,0,2,5
25607,0,1,2
546,1,0,4
376,0,4,5
2502,1,4,5
25067,0,0,2
21798,1,3,4
6401,0,0,2
26782,0,4,5
2428,1,1,2
2629,0,3,3
4074,1,3,3
1664,1,3,4
2501,1,3,4
14147,0,3,4
9802,0,1,2
464,1,1,2
292,0,4,1
19160,0,1,2
7825,1,3,4
2211,0,4,5
14412,1,0,4
1324,0,5,5
24149,0,1,2
24366,0,3,3
16859,0,2,0
12895,0,3,4
2480,1,2,0
4851,0,2,2
10967,1,3,3
9602,1,5,5
27506,0,3,3
361,0,0,2
10249,1,3,4
7621,1,3,3
2023,0,0,4
9828,1,3,4
18915,1,0,2
3967,1,3,4
21246,1,3,3
3854,0,4,1
9594,0,1,2
502,1,4,5
27058,0,4,5
14993,0,0,4
13311,0,0,4
12220,0,1,2
4085,0,5,5
15814,0,2,5
8398,0,0,2
5717,0,4,5
25001,0,3,2
9637,0,3,3
22363,1,5,5
21257,0,0,4
8365,0,3,4
6194,0,5,1
21520,0,5,5
13458,1,3,4
18318,0,2,5
12473,0,2,5
4273,0,5,1
15739,0,0,4
17519,0,3,2
13170,1,3,2
24462,0,3,4
12125,0,5,1
21890,0,1,4
12842,1,0,2
17317,0,3,4
24067,1,3,2
12306,1,3,4
3535,0,3,4
10247,0,0,4
11791,0,3,4
8341,0,5,5
10637,0,2,2
14394,1,3,3
10584,1,4,5
6043,1,3,2
7309,0,0,4
7570,0,1,2
9636,0,1,2
273,1,3,2
12463,0,3,2
20055,0,3,4
18814,0,3,3
21139,0,3,4
17999,0,3,4
16603,1,2,5
1638,0,5,5
7178,1,3,4
19330,1,3,3
10791,1,4,5
8639,1,1,2
27752,0,0,4
11543,0,3,4
22933,0,5,5
5429,0,4,5
26603,0,4,5
8290,0,5,5
2335,0,3,4
6965,1,5,5
1713,1,3,3
19823,0,3,4
23659,0,3,4
5536,0,4,5
16406,0,4,5
12139,1,3,4
21616,0,1,4
13235,0,2,0
15626,0,4,0
1197,0,1,4
18651,1,1,2
11740,0,1,0
392,1,2,0
16726,0,1,2
4466,0,4,5
14095,1,5,1
22210,0,0,2
20117,1,3,3
26507,0,2,5
18863,0,3,3
19282,1,3,3
19115,0,3,4
281,0,5,1
9583,0,5,5
25573,1,3,4
7642,0,1,4
5947,0,4,5
18094,0,3,4
19255,0,5,5
15234,0,3,3
5407,0,3,4
14932,0,1,2
20634,0,1,0
26703,1,3,4
13225,0,3,2
21624,0,0,4
26036,1,5,5
1296,0,1,2
10855,0,2,0
22718,0,2,2
6290,0,0,4
356,1,2,0
12686,0,2,0
23457,1,1,2
3890,0,1,0
25585,0,2,0
26674,0,4,5
2312,1,4,5
9084,1,3,3
15388,0,3,4
9097,0,3,2
9450,1,1,0
358,1,4,5
14034,1,3,3
9633,0,0,4
9524,0,4,5
13177,0,4,1
7179,0,3,4
11792,1,3,4
22541,0,0,2
26486,1,3,2
8710,0,2,0
18261,1,0,4
2409,1,2,0
22290,1,1,2
15568,0,3,4
11231,0,5,5
26280,0,1,2
21269,1,3,2
21631,1,5,5
19663,1,0,4
22495,0,3,4
12387,0,1,4
22122,0,3,3
25920,0,2,0
15660,0,0,4
15041,0,1,4
20186,1,2,2
508,0,3,3
13842,1,3,4
9719,0,0,2
13699,0,3,3
2309,0,2,0
14191,1,5,1
15542,0,0,4
323,1,5,1
3677,0,0,4
19853,0,4,5
19102,1,3,4
11458,1,3,4
14620,1,3,4
26015,0,2,2
25318,1,3,2
3159,1,1,4
9492,0,3,4
2390,0,1,0
19832,1,3,4
17602,1,3,4
13044,1,0,4
15904,0,5,1
6998,0,0,4
9617,1,1,2
6816,1,0,4
5090,0,4,5
5835,0,4,5
2401,0,4,5
18591,0,0,2
4381,0,5,5
3979,1,3,4
384,0,0,2
803,0,3,4
5622,1,3,3
21762,1,0,4
26042,0,5,5
1485,0,3,2
23814,0,3,3
8244,0,4,5
13211,0,3,2
3851,0,1,0
5449,0,4,5
15770,1,2,0
6233,0,3,4
10496,1,0,2
22274,0,2,0
11911,0,3,4
987,1,1,0
10500,1,4,5
19090,1,3,4
16385,1,3,4
23489,0,5,5
18835,0,2,2
23237,0,0,4
1880,1,3,4
14814,1,3,4
14598,1,3,4
4769,0,0,4
716,0,0,2
4972,0,5,1
10809,0,2,0
5786,0,1,2
911,1,3,3
8435,0,0,4
14335,1,5,5
10296,1,3,3
6974,0,3,4
24162,1,3,4
4963,0,3,2
10531,0,5,5
802,1,3,4
27135,0,3,3
22794,1,3,4
21652,1,2,5
4554,1,3,2
17710,0,3,4
6976,1,3,4
6110,0,2,0
7688,1,0,2
22603,0,3,4
10789,1,5,1
3196,0,1,0
19750,0,3,2
1121,0,4,5
21330,1,3,2
3571,0,3,4
22084,0,1,2
4350,1,3,4
18886,1,3,3
24927,0,0,4
7821,0,2,0
17650,0,3,4
3895,1,3,4
15839,0,4,1
20162,1,2,2
25000,1,3,2
979,1,0,2
26211,0,3,4
12571,0,3,4
6109,0,1,0
2868,0,1,4
20212,0,0,4
27038,1,3,4
24329,0,3,3
23058,0,3,4
1385,0,4,5
19901,0,2,0
2689,0,5,1
6521,0,1,2
19712,0,0,2
1662,0,0,4
24246,0,1,2
116,0,2,0
21617,0,3,3
16169,1,3,3
24986,0,4,1
21568,0,4,5
19507,0,2,0
7068,1,5,5
4024,0,4,5
23620,0,1,0
22393,0,1,4
434,0,1,2
5752,0,2,0
1135,0,2,0
5617,0,2,2
25058,0,4,5
6939,1,3,4
16629,0,0,2
1509,0,3,4
15715,0,0,4
18604,1,1,0
14968,0,1,2
5597,0,5,5
4323,0,4,5
7748,0,1,0
24619,0,3,3
3439,1,3,3
4082,0,1,2
14104,1,1,2
8288,0,1,2
17854,1,3,3
4150,1,2,2
10433,0,1,0
18895,0,2,0
18655,0,2,0
13134,1,3,3
18765,0,5,5
14251,1,5,1
1174,0,3,3
1540,0,5,1
21736,0,5,1
20170,1,3,3
21351,0,5,1
20744,1,3,4
11553,0,0,4
7332,0,0,4
2311,0,3,4
4648,0,2,0
23297,1,3,4
27566,1,3,2
2992,0,2,0
18859,0,1,4
4130,0,1,4
23033,0,0,4
1097,1,0,4
15849,0,1,0
3690,1,3,4
12052,0,4,0
25537,0,4,5
8821,0,3,4
10770,0,4,5
4046,0,1,2
6545,0,0,4
16630,0,4,1
20528,0,3,3
23897,0,0,4
8567,1,3,3
23717,0,0,2
21701,1,3,4
16995,0,1,2
7786,0,2,0
9695,0,2,2
2603,1,2,2
20226,0,0,4
160,1,0,4
27312,0,0,2
9036,1,3,3
4887,0,2,2
11992,0,1,4
24690,1,3,3
16622,1,3,2
18347,0,3,4
2437,0,3,4
25310,0,1,4
16537,0,2,2
14434,1,0,4
2897,1,0,2
22982,0,2,0
17637,0,5,1
19352,0,0,4
24282,0,3,3
15913,0,0,2
14326,1,0,4
11351,0,5,5
20970,1,3,4
26090,1,3,2
9287,0,0,4
12783,0,1,4
23619,0,2,0
18450,1,3,4
2472,0,1,2
21545,1,1,2
20837,0,2,0
20934,0,1,4
2921,0,5,1
6925,1,0,2
9597,0,4,5
10910,1,2,0
14308,0,4,5
16322,0,2,0
13939,0,3,4
2243,1,2,0
1163,0,5,5
9889,0,3,4
9523,0,5,1
9667,0,5,5
5487,0,0,4
11386,1,3,4
16082,0,2,0
703,0,2,0
19307,0,3,3
10476,1,4,5
9517,0,3,4
17660,0,4,5
14550,1,3,4
15763,0,1,2
4937,0,0,2
21472,0,0,2
10415,1,3,2
10292,0,1,2
10271,0,4,5
7298,1,3,4
15694,0,4,5
7012,0,4,5
17627,1,3,4
2278,1,1,2
21557,1,3,3
3951,0,3,4
10757,0,2,5
26725,0,0,4
10511,1,3,4
2266,1,4,5
20805,0,3,4
22318,0,0,4
623,0,3,2
22950,1,4,5
191,1,3,4
322,1,4,1
12209,0,5,1
15461,1,3,4
10877,0,0,2
10952,0,2,0
3786,1,3,3
5665,0,0,2
20924,1,3,3
4062,1,3,3
8677,1,5,5
25223,0,4,5
8868,0,3,4
3133,0,2,0
18509,0,0,4
10020,0,3,3
8352,0,3,3
17208,1,3,4
15721,0,5,5
10897,1,1,2
1471,0,0,2
26498,0,3,2
277,0,1,0
6919,0,0,2
185,0,5,5
21818,0,1,2
26419,0,2,0
10700,1,1,4
20610,0,1,0
14252,0,1,2
14260,0,4,5
20038,0,5,5
25698,1,0,4
12193,0,1,2
14261,0,5,1
9865,0,3,4
20825,0,2,0
27445,0,1,2
27649,0,2,0
18664,1,1,2
10921,1,0,4
15,1,2,5
26844,0,5,5
2507,0,2,0
2763,0,3,4
10687,0,5,5
15199,1,3,3
23813,0,0,4
21773,0,5,5
10053,0,2,5
14354,0,3,4
6986,0,0,4
77,1,5,1
10744,1,0,2
22398,1,3,3
812,0,2,0
19723,0,1,0
17975,0,3,4
317,0,5,1
11685,1,3,2
5753,0,5,1
10241,1,1,2
18788,0,1,2
8605,1,3,3
8197,1,3,4
23296,0,2,0
10354,0,2,2
20190,0,3,3
4899,0,2,2
17972,0,5,1
23057,0,0,2
20611,0,0,2
5935,0,5,5
26726,0,3,4
19138,1,3,4
12198,1,3,4
27118,0,4,5
19220,0,1,2
43,0,4,5
20087,1,5,5
1311,0,1,2
17903,0,3,2
13264,0,5,5
17985,0,1,2
345,1,3,4
2613,1,2,2
9607,0,5,5
9733,0,3,4
12126,1,3,2
27302,1,3,4
26869,0,0,2
13200,0,0,2
21662,1,0,2
19529,0,4,5
23069,0,0,2
3891,0,2,0
20181,0,5,5
5269,0,4,1
23379,0,2,0
21259,0,3,3
2402,0,5,1
21091,0,3,4
2776,0,4,5
25884,0,4,5
25283,0,5,5
13299,1,0,4
2512,1,1,2
2543,0,1,2
14536,0,0,2
13075,1,3,3
20208,1,0,4
10470,0,2,0
18837,0,1,2
2287,1,5,1
20135,1,5,5
26547,0,3,2
20199,1,4,0
21280,1,2,0
530,0,2,0
9483,0,5,1
25202,0,1,2
26710,0,5,5
23467,0,3,3
10290,1,0,4
12547,0,3,4
12746,0,4,0
20129,0,0,4
22410,0,3,2
10817,0,0,2
25288,0,3,3
11579,0,3,3
800,0,2,0
5127,0,4,5
9898,0,1,2
18628,0,0,2
12159,0,1,0
15554,0,1,2
13236,0,3,4
11924,1,3,4
12780,0,5,5
26414,1,3,4
1063,1,0,2
3003,0,0,2
785,0,5,5
10544,0,4,5
8278,0,5,5
22374,1,3,3
20053,0,1,2
9109,0,3,2
2976,0,1,0
19379,0,3,2
27337,0,0,2
15827,0,5,1
632,0,0,2
16658,1,3,4
4030,1,1,2
3147,1,0,4
25680,0,2,2
16974,0,4,5
1507,0,0,2
20801,0,2,0
26583,0,3,4
19973,0,1,2
1274,0,1,2
15935,1,1,2
15758,1,1,2
1495,0,0,2
6973,0,0,4
21852,0,3,3
22382,0,4,0
995,1,3,4
20105,0,1,2
23462,0,0,4
4903,0,3,3
26906,1,3,2
15761,1,5,5
992,0,0,2
10829,0,0,2
13914,1,3,4
21654,1,4,1
11254,1,3,4
1175,1,3,3
15593,1,3,3
17864,0,4,0
2896,0,5,1
10230,1,0,4
13807,0,3,4
3109,0,5,5
13879,0,3,4
4565,0,1,0
27790,0,1,4
14377,0,0,4
2330,0,4,5
5749,0,0,2
13247,0,1,2
18940,1,2,0
6995,0,2,0
20743,0,0,2
2025,0,3,4
2186,0,4,5
6315,0,0,4
12351,1,5,5
6955,0,4,5
26734,0,4,5
15723,1,3,4
12639,0,2,0
3559,0,3,4
19965,0,5,5
12363,0,1,2
2643,0,5,1
11433,0,0,2
22887,0,4,5
19005,0,2,0
9515,0,2,0
10888,1,0,4
14233,1,0,2
17863,0,2,2
9558,0,5,1
11934,0,3,4
5629,0,2,2
8245,1,3,4
22191,0,4,1
10196,0,4,5
18166,1,3,3
4063,1,4,5
21447,0,3,4
8097,0,5,1
2332,0,2,0
13163,1,1,0
5450,0,0,2
299,1,5,1
19798,0,1,0
10783,0,1,0
12662,0,4,5
3839,0,2,5
12422,1,0,2
5179,1,3,4
23466,1,3,3
21494,0,0,4
16787,0,1,2
10806,0,4,5
5247,0,0,4
4324,0,1,2
5593,0,2,2
4236,1,0,2
6054,0,5,1
23,1,3,2
14766,0,2,2
15809,1,5,5
15017,0,0,4
11897,0,0,4
25644,0,1,2
1660,0,1,2
15740,0,1,2
14100,0,2,0
334,1,4,1
23373,1,1,2
17719,0,1,2
27130,0,4,5
2589,0,0,4
21594,1,3,3
10763,0,5,1
3836,1,0,2
18455,0,5,5
12781,1,0,4
21604,0,1,4
22370,0,2,2
7057,0,0,4
813,0,1,2
10662,0,4,0
9501,0,2,0
1481,0,1,0
3271,0,3,4
13639,0,3,3
10069,1,3,2
3953,0,5,1
19953,0,5,5
27265,0,0,2
27156,0,0,4
25116,0,0,2
10841,0,0,2
1125,0,0,4
4263,0,4,5
1975,0,1,2
9497,1,1,2
3813,0,0,2
27145,0,5,5
12641,0,0,4
16615,1,1,0
26054,0,5,5
14476,0,3,3
10976,0,3,3
21894,1,3,3
3126,1,4,5
7058,0,1,4
1147,0,5,5
2254,1,1,2
25271,0,5,5
7334,1,3,3
18634,1,3,4
19978,0,3,3
26842,0,4,0
3864,0,2,0
9489,0,2,0
5724,1,2,0
17673,0,4,5
22198,0,1,0
16179,0,5,5
11681,0,0,2
16275,0,4,5
18237,0,5,5
14752,0,1,4
13603,0,3,4
6306,1,3,3
23731,0,3,4
18521,0,0,4
9887,0,0,4
14270,1,2,0
26965,0,0,2
20037,0,0,4
25405,0,3,4
2493,1,2,0
3882,1,4,5
7356,0,1,4
4983,0,4,1
22843,0,3,4
6869,0,3,3
13297,0,4,5
18281,0,5,1
20755,1,3,4
10883,0,5,1
23326,1,2,0
14635,0,3,4
2022,0,1,2
10309,1,3,3
15704,1,0,4
93,0,4,5
12535,0,3,4
1725,0,3,3
3569,0,0,2
2759,0,1,2
9971,0,0,4
25191,0,0,4
11063,1,3,3
26307,0,3,4
10607,1,3,3
4478,0,4,5
20180,0,4,0
3148,1,1,2
1139,0,3,4
5464,0,5,5
25689,0,0,4
25108,1,3,4
20285,0,1,0
1050,1,0,2
18231,1,2,0
13008,0,5,5
14144,0,0,2
11922,0,3,4
5919,0,2,0
21555,1,1,2
14444,1,0,4
12796,0,1,0
23343,0,2,0
13326,1,4,5
6425,0,1,2
16582,0,1,0
2819,1,0,4
2342,0,2,0
2454,1,4,5
4454,0,4,5
20120,0,3,3
27110,1,3,4
695,0,3,4
226,1,3,3
11958,0,0,4
17770,0,3,3
26712,0,1,2
15197,0,0,4
957,0,5,5
12329,1,3,3
6641,1,3,4
22201,0,4,1
16008,0,1,2
4504,0,5,5
4434,1,3,4
22243,1,4,5
3424,0,1,4
17698,0,3,4
1381,0,2,0
9462,1,1,0
2944,0,4,1
14045,0,4,0
8652,0,5,5
4720,0,1,2
12520,0,1,0
25836,0,1,2
22188,0,1,0
16967,1,3,4
21672,0,1,0
5342,0,0,2
14339,0,2,0
16691,0,2,0
16287,0,3,4
15580,0,3,3
13187,0,1,0
15689,1,3,4
3177,0,1,4
26721,0,2,0
22302,1,3,3
4037,0,5,5
14407,1,5,5
14219,1,2,0
17849,0,0,4
988,0,4,5
21795,0,4,5
24096,1,4,1
1106,1,1,2
2785,1,2,0
19460,0,1,0
5367,0,0,2
8645,0,0,4
5895,0,2,0
22038,0,3,4
14136,0,1,2
9418,0,1,4
8401,0,3,4
22027,0,3,4
47,1,5,1
18917,0,0,2
2299,1,3,4
16944,0,2,2
13506,1,3,4
247,1,1,2
26024,1,5,5
9430,0,1,4
26810,1,3,3
13224,0,2,5
16860,0,4,5
25056,0,2,0
18594,1,1,0
23070,1,3,4
3829,0,2,5
21398,0,4,5
16528,0,5,5
4228,0,1,0
18927,1,0,2
7427,0,0,2
14682,1,3,4
14479,1,5,5
2170,1,1,0
11981,1,3,3
12578,0,4,5
18911,1,3,4
10689,1,1,4
12772,0,1,4
25467,0,5,1
15749,1,5,5
21461,0,5,1
8661,0,2,0
27094,0,4,5
12679,1,3,4
6773,0,3,4
23360,1,2,0
23031,0,1,4
4514,0,4,0
1541,0,1,0
4240,0,0,2
11683,0,3,2
27734,1,3,4
679,0,2,0
10962,0,2,0
8424,0,3,4
22301,1,0,4
9301,0,3,4
575,1,5,5
13530,1,3,4
981,0,0,2
27636,0,0,2
545,0,5,5
4515,0,5,5
26772,0,5,5
7884,0,3,4
7844,0,1,2
24064,0,2,5
2376,0,2,5
983,1,3,4
3985,1,0,4
9619,1,0,4
22087,1,3,3
488,1,2,0
21906,1,4,0
22998,1,3,3
26222,1,3,4
14337,1,2,0
11753,0,0,2
6293,0,1,2
14022,1,3,3
16505,1,3,3
14695,0,3,3
2369,1,3,2
1165,1,4,5
6052,0,3,2
25275,0,0,4
26691,1,3,4
2664,0,0,2
12265,0,1,2
10027,0,4,1
3521,0,0,2
1772,0,3,3
2711,0,1,2
26174,1,3,4
6828,1,0,4
16898,0,3,3
7594,0,1,2
2991,0,1,0
15973,0,4,5
5824,0,5,1
2852,1,1,4
20298,0,0,2
18479,0,3,3
2818,0,1,2
22806,1,3,4
17398,0,1,4
27612,0,1,0
16922,0,3,3
1363,1,3,4
8640,1,3,4
2214,0,3,4
7653,1,0,4
3135,0,4,5
10532,1,0,4
9573,0,2,0
23729,0,0,4
13423,0,3,2
1520,1,3,4
10525,1,5,5
10465,1,5,1
27646,0,0,2
22036,0,1,2
3085,0,4,5
10019,0,0,4
19962,0,2,0
7705,0,3,2
13229,1,3,2
26059,1,4,0
12207,0,0,2
25309,0,2,2
517,0,1,2
17434,0,1,4
25072,1,3,4
2837,1,0,4
16069,0,0,4
89,0,1,2
2692,1,2,0
6196,0,4,5
12091,1,3,2
21510,0,4,5
11853,1,3,4
11541,0,0,4
3843,1,1,0
12256,0,1,2
3427,0,3,3
199,1,1,2
12979,0,3,4
24607,1,3,4
12809,0,0,2
23762,0,4,5
26112,0,1,0
15210,1,3,3
9901,0,3,4
6982,0,1,2
12148,0,2,0
14214,1,4,1
26580,0,1,0
19966,1,3,3
8256,1,3,4
22780,0,1,0
22841,0,1,2
26114,1,3,2
8988,1,3,3
5284,0,4,1
13057,0,5,5
27728,1,5,5
22050,1,3,4
24234,0,3,4
26951,0,5,1
54,0,1,0
3927,1,0,2
20552,1,3,3
12475,0,3,2
14275,1,5,1
20921,0,2,2
5839,1,3,4
4146,0,3,3
24018,0,3,4
11708,0,3,2
14815,0,3,4
989,0,5,1
21302,0,4,1
2575,1,5,5
9349,0,3,4
10197,0,1,2
9548,1,0,2
2659,1,5,1
17577,0,4,5
25679,0,1,4
10589,0,0,4
17454,0,2,5
27781,0,4,0
20900,1,3,3
26625,0,2,0
18979,0,1,2
24509,0,0,2
540,0,0,4
12474,1,3,2
7845,0,2,0
2799,0,3,3
24137,1,3,4
9745,0,3,4
3475,0,3,2
25226,0,1,2
2955,0,0,2
19725,1,3,2
26102,1,3,2
5692,0,2,5
18928,1,2,0
25272,0,2,2
4530,1,3,3
13104,1,0,4
294,1,0,2
7417,0,0,4
16199,1,4,1
19985,0,4,5
14314,0,1,2
4767,0,2,0
11733,1,5,1
15845,1,4,1
20923,0,0,4
2130,0,1,4
11339,1,3,3
16791,0,3,4
10959,1,4,5
10947,1,0,4
22338,1,4,5
25990,0,1,2
10775,0,5,1
2194,0,5,1
7065,0,4,0
8145,0,2,0
3817,0,3,2
5479,0,3,4
13157,0,0,4
24833,1,3,4
16372,0,5,1
2907,0,4,1
26064,0,2,2
9684,0,3,3
5898,0,3,4
4152,0,1,4
25177,0,1,2
21646,0,2,5
15519,0,1,2
6917,0,3,3
18778,1,3,4
8076,0,3,2
13219,1,5,1
2517,1,2,0
2803,1,5,5
20286,0,2,5
23824,0,1,2
23655,0,2,0
22074,1,3,4
18440,1,3,4
6903,0,1,4
9613,0,2,0
21904,1,2,2
4267,0,3,4
19040,0,2,0
643,0,2,5
10425,0,4,1
2701,0,2,0
23718,1,3,4
2441,1,3,4
16598,1,3,2
5395,0,3,4
14312,1,2,0
2650,1,1,0
3462,1,3,2
24830,0,1,2
10390,0,5,5
7260,0,1,2
2592,0,4,5
1295,0,0,4
24122,0,2,0
2820,1,4,5
13026,0,3,4
1358,0,1,2
20277,0,3,2
4010,0,1,2
8693,1,4,5
6220,0,4,5
15779,0,5,5
7441,0,3,4
5645,0,4,1
26173,0,0,2
8568,0,0,4
1079,1,5,1
6830,0,0,4
17828,0,4,0
23200,0,1,2
24939,0,0,4
8171,0,4,5
11959,0,3,3
12127,0,3,2
25683,0,3,3
7704,1,3,2
16490,0,0,4
26029,1,3,3
10786,0,3,4
1401,1,5,5
8196,0,3,4
26521,0,0,2
19497,0,0,2
21951,1,0,2
7715,0,2,5
13276,1,1,2
2916,1,3,2
14065,0,2,0
19486,1,3,4
3057,0,1,2
11530,1,3,4
10397,0,2,5
21784,0,5,5
4528,0,5,5
3342,1,3,4
26475,1,3,3
17455,0,0,2
25141,0,1,2
10487,1,1,0
6244,0,2,0
17111,0,0,2
18665,0,0,2
23667,0,2,0
24761,0,3,4
8221,1,3,4
6258,1,3,4
8336,0,1,4
14514,1,3,4
27035,0,1,2
3857,1,1,0
22199,0,2,5
19003,0,1,2
19703,0,3,2
21445,0,0,2
11048,0,2,2
12998,0,4,5
10317,0,4,5
3975,0,2,0
15016,0,1,4
9300,1,3,4
21526,1,0,4
8060,0,1,4
104,0,2,0
15891,1,3,4
11985,0,5,5
5200,0,1,2
15708,0,3,4
24999,0,5,1
23874,1,3,3
21658,0,2,5
1,1,2,5
21579,0,5,5
14186,0,0,2
211,1,1,2
19449,0,0,2
4996,0,0,2
14994,0,3,3
556,0,4,0
18317,0,0,2
21423,0,3,4
18201,0,5,5
7321,0,0,4
13495,0,3,4
20745,0,3,4
5956,0,4,0
491,1,5,5
6618,0,3,3
10547,1,1,2
18310,0,1,0
5163,0,4,5
14139,0,4,5
26033,1,1,4
9408,1,3,3
21900,0,4,0
8694,0,0,4
19940,0,5,5
262,0,3,3
25709,1,4,0
14575,0,3,4
21961,0,4,5
5894,0,1,2
16977,1,1,2
26829,0,2,2
25334,1,3,2
12438,1,3,2
13674,1,3,3
7581,1,0,4
17375,0,0,4
16393,0,2,0
3086,0,5,5
10781,0,2,0
5596,0,4,0
4023,0,3,4
11591,1,3,3
4901,0,0,4
5871,0,5,5
23970,0,3,4
2524,1,1,2
1027,1,0,2
25651,1,1,2
20409,1,3,4
3187,1,5,5
3943,1,5,1
23356,0,4,5
6915,0,0,4
10287,1,5,5
3832,0,5,1
15281,0,1,4
1626,0,4,5
20157,1,3,3
26799,0,3,3
9804,1,3,4
5177,0,5,5
13238,0,5,1
7275,0,3,4
25935,0,3,4
8400,0,1,2
10659,0,1,4
24125,0,5,1
18998,1,4,5
12439,0,3,2
7633,1,3,3
21661,0,5,1
8100,0,4,5
5020,0,1,0
10735,0,2,5
300,0,0,2
11375,0,3,4
23584,0,1,0
11011,0,4,0
10682,0,0,4
10041,0,2,5
20697,0,3,4
15352,0,3,2
22970,0,2,0
1325,1,0,4
18976,1,2,0
13013,0,0,4
6026,0,4,1
531,0,3,3
9526,0,0,2
9480,0,3,4
2448,0,2,0
11601,0,0,4
4043,0,2,0
2665,0,1,0
19389,0,0,2
2653,0,2,5
18988,1,0,4
2417,1,3,4
3004,0,3,4
3844,1,2,5
10245,0,1,2
2932,0,3,2
279,0,3,2
8891,0,5,1
9874,0,1,2
10904,0,1,2
11326,1,3,3
544,0,4,0
25802,1,3,4
5354,0,1,0
14143,1,5,1
25144,1,3,4
3726,0,3,3
8241,0,1,2
12314,0,2,0
419,1,5,1
19783,0,0,2
22351,1,5,5
23251,1,3,3
16847,0,2,0
2557,0,1,2
17124,1,3,2
4455,0,0,4
17831,1,3,3
27347,0,1,2
14202,1,4,1
19579,0,2,0
21343,1,5,1
14714,0,1,2
8268,0,3,3
21865,0,3,3
21258,1,3,3
18560,0,2,2
12627,0,2,0
27434,1,3,4
19795,0,4,5
17112,1,3,2
25674,1,4,0
27397,0,0,4
340,0,4,5
8651,0,2,0
10325,1,1,2
14010,1,3,3
1893,0,3,4
5881,0,0,4
1250,1,2,2
1120,1,1,2
9621,0,2,0
14,1,5,1
23839,0,3,3
27047,0,1,2
4443,0,1,2
24066,0,4,1
1999,0,0,4
2405,1,3,4
27,1,4,1
8132,0,1,2
870,0,2,0
12774,1,3,3
19581,0,0,4
394,1,4,5
6266,0,5,5
24547,1,3,4
25643,0,4,5
1076,0,0,2
14173,0,5,5
18901,1,1,0
4710,1,3,4
10497,1,1,2
25084,0,3,4
4781,0,0,4
4405,0,2,0
27350,0,3,4
23291,1,4,5
17795,1,3,3
10365,0,2,2
1845,0,3,2
1382,0,0,4
4902,1,3,3
18885,0,3,3
16227,0,3,2
18676,0,0,2
19017,0,5,5
2856,0,0,4
1458,0,0,2
12398,1,5,5
12715,0,3,3
24714,0,3,3
11731,0,3,2
23670,0,3,4
25932,0,2,0
11933,0,0,4
2325,0,5,5
11993,0,0,4
21424,0,5,1
5965,0,0,4
6173,1,3,4
21018,1,3,4
17877,0,0,2
15400,0,3,4
18683,0,5,1
2482,0,1,2
20741,0,2,0
22770,1,3,3
153,1,3,4
3799,0,3,3
2508,0,3,4
1446,0,0,2
5022,1,3,4
19662,0,2,2
4555,0,3,2
10255,0,4,5
25443,0,5,1
19605,0,0,4
1218,0,2,2
22217,1,3,2
19844,0,1,2
15114,1,3,4
4111,1,5,5
23339,1,4,5
2861,1,3,3
25956,0,5,5
10643,1,2,2
1060,0,4,5
21265,0,5,1
9912,1,3,4
15555,0,0,4
20168,0,4,0
26745,0,2,0
18945,0,2,0
2705,1,3,4
21674,0,3,2
12172,0,1,0
90,1,2,0
2443,1,5,1
17853,0,3,3
20044,1,0,4
6234,1,3,4
3153,0,1,4
4135,1,5,5
13140,1,0,4
16562,0,4,0
21645,0,1,0
24691,0,3,3
87,0,0,2
10461,1,1,0
10591,0,3,3
2657,1,0,2
24270,0,5,5
6928,1,3,4
7571,0,0,4
14365,1,0,4
11050,1,3,3
4019,0,0,4
26581,0,0,2
7072,0,5,5
21711,0,4,5
13223,0,1,0
10344,0,3,3
8269,1,3,3
11766,0,3,4
8122,0,3,4
3557,0,0,2
15892,1,4,5
1987,0,0,4
1399,1,0,4
6253,0,0,4
11218,0,5,5
19930,0,0,4
21926,0,4,0
6947,0,3,4
405,1,3,4
25060,0,3,4
10645,1,5,5
22273,0,1,2
16652,1,0,2
6901,0,2,2
25597,0,4,5
5202,1,3,3
23295,0,0,2
11021,0,0,4
7070,0,2,2
22805,0,1,0
25105,0,2,0
24667,0,3,3
2296,0,1,2
3510,1,3,2
19869,0,0,2
17529,1,3,4
26000,1,4,5
20576,1,3,3
7667,0,0,4
4020,1,3,4
23300,0,5,1
4347,0,5,1
17423,0,0,4
13794,1,3,4
22876,0,0,2
18688,1,0,2
20081,0,2,0
12160,0,0,2
3990,1,3,4
8204,0,1,2
21291,1,1,0
13049,0,0,4
2821,1,3,3
18584,1,2,5
21771,0,3,4
17517,0,5,1
26856,0,1,0
7605,0,2,0
9433,0,3,3
21960,0,3,4
4696,0,1,2
13277,1,3,4
10610,0,0,4
9731,0,0,2
18081,0,5,5
6061,0,0,2
22994,0,2,2
6605,0,1,4
15844,1,3,2
10569,0,3,4
16953,1,1,2
10963,0,5,5
26641,0,0,2
8650,0,3,4
22686,1,3,3
10160,0,4,5
24868,0,3,4
15989,1,3,4
4321,0,5,1
26115,0,3,2
707,0,3,4
10254,1,0,4
23658,1,3,4
16165,0,1,4
308,1,2,5
2229,1,2,0
15772,1,4,5
13662,1,3,3
799,0,0,4
18725,1,2,0
21876,0,1,4
20173,0,2,2
20252,1,3,2
20127,0,1,2
13086,1,3,3
25811,1,5,1
20707,0,1,2
23316,1,4,5
20082,0,3,4
14011,0,3,3
2765,0,5,5
12386,0,0,4
25151,0,5,5
1247,1,3,3
3182,1,0,4
27182,1,3,3
57,0,3,4
14116,1,1,2
15915,0,5,1
20898,0,1,4
20197,1,0,4
883,0,1,2
19174,1,3,4
12750,1,3,3
18944,0,4,5
27001,0,0,2
26607,0,3,4
5438,0,0,2
22013,0,0,4
19984,1,0,4
2293,1,0,2
9679,0,5,5
2503,1,5,5
10725,0,4,1
10966,0,3,3
5356,0,4,5
6981,1,4,5
790,1,3,4
18164,0,5,5
23886,0,3,3
18548,1,3,3
27685,0,2,0
13338,0,3,3
20325,0,3,4
4661,0,0,2
13071,0,2,0
13249,0,3,4
21688,0,4,5
26758,0,1,2
15649,0,2,2
10658,0,0,4
2903,1,1,0
22331,0,1,2
19913,0,1,2
7878,1,4,5
15497,1,3,4
2909,1,3,2
12355,0,3,3
5801,0,4,5
6256,0,4,5
16763,0,2,0
5056,0,0,2
10387,0,4,0
19591,1,0,4
26931,0,3,4
23377,1,4,5
3050,1,0,4
1168,0,5,5
2212,0,1,0
19614,0,4,5
14402,1,4,5
834,0,5,5
10092,1,3,2
1227,1,2,2
23799,0,2,0
14623,0,3,4
26041,0,3,3
9805,0,3,4
19967,0,3,3
9670,0,2,2
113,1,4,5
22225,0,1,2
27098,1,3,4
11099,0,5,1
1375,0,5,5
1697,0,4,5
2465,1,3,4
22323,0,5,5
16802,1,3,4
303,0,3,2
24341,0,3,3
1138,0,0,4
12009,1,3,3
4338,1,3,4
22356,0,2,2
20896,0,4,0
8328,0,3,3
5473,0,2,0
16778,0,5,5
2222,0,1,0
15867,0,4,1
1530,0,4,5
16979,1,3,4
17002,1,2,0
13687,0,3,3
16682,1,3,4
11612,0,1,4
27003,0,3,4
26714,1,3,4
15627,0,1,4
18489,1,3,3
15518,0,0,4
4360,0,0,2
9984,1,3,3
7788,0,4,5
21410,0,3,4
25641,0,5,5
26292,0,1,2
16359,1,3,4
25657,0,1,2
23881,1,0,4
11191,0,1,2
1265,0,3,4
81,1,3,4
19701,0,0,2
21546,1,3,4
18059,1,3,4
10838,1,0,2
4817,0,0,4
15720,0,4,5
10475,1,1,0
1976,0,3,4
25599,0,3,3
16655,0,5,1
13284,0,3,4
27602,1,3,4
1326,1,1,2
18900,1,5,1
26566,0,4,5
14156,0,0,2
12304,0,5,5
2221,0,2,0
14276,0,1,2
16631,0,1,0
7549,1,3,4
2392,0,3,4
16068,0,4,5
19254,0,2,0
18467,1,3,3
2795,1,0,4
4278,1,3,4
5755,1,3,4
1494,0,2,5
11684,0,5,1
10887,1,4,5
21575,0,1,2
16969,1,5,5
18787,0,2,0
20184,1,0,4
16899,0,5,5
9551,0,1,2
10138,0,1,0
20066,1,1,2
7906,0,3,4
5321,0,4,1
1233,0,2,2
6113,0,3,4
21366,1,3,4
5310,0,3,2
23562,1,3,2
1066,0,0,2
26701,0,0,4
13050,1,3,4
25404,0,2,0
12630,0,3,4
2610,1,3,3
14380,0,5,5
23538,1,3,2
10332,0,3,3
21234,1,3,3
17003,1,3,4
11849,1,4,5
20313,0,3,4
7486,0,1,2
5659,0,5,1
12326,0,1,2
23820,0,5,5
767,0,3,4
18118,1,3,4
12773,0,0,4
10217,1,1,2
19487,0,3,4
8556,0,3,3
23572,0,1,0
17603,0,3,4
7488,1,3,4
12354,0,5,5
4192,0,0,2
26496,0,1,0
1239,1,2,2
23693,0,0,2
21750,1,4,5
14597,0,2,0
17613,0,5,1
16193,1,5,1
14622,0,1,2
22157,0,0,4
5679,0,1,0
7141,0,0,2
23549,0,0,2
15686,0,1,0
22215,0,5,1
9603,1,4,5
4260,1,0,2
1166,1,2,0
27791,0,2,2
11189,0,0,2
19556,0,1,2
20337,0,3,4
12626,0,4,5
480,0,0,4
18833,0,0,4
2173,0,5,1
10831,0,2,0
25700,1,1,4
9192,1,3,4
10885,1,2,0
1014,1,0,2
16569,0,0,2
25980,0,4,5
21361,0,1,0
25583,0,4,5
22063,0,3,4
16116,0,0,4
1380,1,2,0
3197,0,0,2
22636,1,0,4
2415,0,5,1
249,1,3,3
10206,1,0,2
10333,1,3,3
20742,0,1,2
1867,0,0,2
2252,1,4,5
18295,0,1,0
327,0,2,5
18735,0,0,4
243,0,3,3
16659,0,3,4
7989,0,1,2
3878,0,5,1
19007,0,3,4
26582,1,3,4
6960,0,2,0
12954,1,3,4
4279,0,3,4
2848,0,4,0
1749,1,3,3
19593,0,0,4
5702,0,1,0
14364,1,4,5
6134,0,2,0
27002,1,3,4
6198,0,3,4
21479,1,2,0
8052,0,2,2
18593,1,0,2
11062,0,3,3
16838,1,3,3
2790,1,3,4
25995,0,5,5
19377,0,0,2
8856,0,3,4
12702,0,3,3
7820,0,1,2
18069,0,5,5
22493,0,0,2
10104,1,3,4
14424,0,0,4
22249,0,0,4
23336,1,5,1
13106,0,4,0
9360,1,3,3
13227,0,5,1
26433,0,0,4
9644,0,4,5
14329,0,0,4
24172,0,3,4
6893,0,3,3
27723,0,3,4
22756,0,1,4
19508,0,1,2
20205,0,5,5
21313,0,0,2
14192,1,0,2
2584,0,5,5
11096,0,1,0
23359,0,5,5
8159,0,4,5
5294,0,0,2
18774,0,1,2
19806,0,2,0
9693,0,0,4
21401,1,3,4
8039,0,4,0
6436,0,1,2
20683,0,0,2
7988,0,5,5
16955,1,3,4
1199,1,3,3
1616,1,3,4
16094,0,3,3
268,0,4,1
16973,0,3,4
7784,0,1,0
16263,0,3,4
6241,0,1,2
2714,0,3,4
10066,0,1,0
13374,1,3,2
6970,1,2,0
22313,1,3,3
21907,1,5,5
18214,1,3,3
1219,1,0,4
10460,1,0,2
16163,0,3,3
15724,1,4,5
15042,1,3,3
4013,0,5,5
23386,1,2,0
404,1,2,0
25570,0,0,4
11046,0,1,4
5515,0,3,4
4327,1,3,4
17316,1,3,4
1759,0,5,5
14874,1,3,4
23400,1,4,5
5634,0,3,3
19150,1,3,4
16097,1,3,3
27242,1,3,2
10798,0,3,4
26076,0,1,0
282,1,0,2
2190,0,3,4
9538,0,2,0
5186,0,4,5
27730,0,5,5
6923,0,4,5
2542,0,0,4
2119,0,0,4
5788,0,4,5
4721,0,0,2
25885,1,3,4
27670,0,5,1
16580,1,0,2
10213,0,3,4
426,0,4,5
26834,1,3,3
1252,0,5,5
21277,0,5,1
25676,1,0,4
26126,1,3,4
4733,0,0,2
19748,0,0,2
10604,1,0,4
23707,0,3,4
17807,0,5,5
17875,0,5,1
20099,1,5,5
26541,0,4,1
18690,0,5,1
3111,1,1,2
17638,1,3,4
16335,0,3,4
14142,1,4,5
5380,0,0,2
2754,1,4,5
13000,0,1,2
8520,0,3,3
6948,0,4,5
2604,0,0,4
27289,0,0,2
19245,0,0,4
10660,0,2,2
12509,0,0,2
2849,0,5,5
71,0,3,4
2423,0,2,0
5418,1,3,4
9546,0,5,1
10422,0,1,0
2406,1,4,5
9996,0,3,3
13819,0,3,4
12879,0,2,0
3654,0,3,4
12196,0,4,5
10683,0,1,4
11362,1,3,3
9476,0,4,5
10879,0,2,0
19951,0,1,2
18668,0,4,5
4275,0,0,2
3702,0,3,4
14201,1,3,2
13250,0,4,5
4156,0,5,5
24963,0,0,4
19997,0,2,2
23372,1,5,5
16526,0,1,4
9572,1,0,4
8181,0,1,2
22985,0,0,4
555,0,3,3
17377,0,3,3
13578,1,3,4
11886,0,0,4
5355,0,2,0
1068,1,4,5
16750,0,1,2
13362,0,1,4
23331,0,2,0
20125,1,1,2
8101,1,3,4
7406,0,3,3
5703,0,2,5
7238,1,3,4
25203,0,0,4
24367,1,3,3
11742,0,4,1
8172,0,5,1
8724,0,5,5
23910,1,3,2
26340,0,1,2
7092,0,1,4
680,0,1,0
1782,0,4,0
9645,0,2,2
16409,0,5,5
17829,0,5,5
15326,0,2,5
7967,0,2,0
22944,0,4,5
24997,0,2,5
20874,0,0,4
12942,0,3,4
17039,1,3,3
6820,1,3,3
19544,0,1,2
12045,1,5,5
25691,0,4,0
12974,0,4,5
886,1,3,3
14422,1,1,2
26736,0,5,5
1770,0,0,4
10553,0,2,0
26245,0,0,4
11182,1,3,4
1273,0,0,2
8125,1,3,4
12409,0,2,2
4432,0,1,2
23534,1,0,2
8497,0,3,4
21316,0,4,1
3880,1,2,0
27183,0,3,3
20093,0,0,4
20899,0,0,4
4375,0,3,4
7262,1,3,4
21349,0,3,2
9690,1,0,4
26449,0,5,5
13093,0,5,5
8579,0,1,4
12041,0,1,4
27374,0,3,4
2412,0,2,0
7091,0,2,2
22315,1,5,5
21927,0,5,5
658,1,3,2
551,1,5,5
8940,1,3,4
23766,1,3,4
22961,1,3,3
8593,0,3,3
13085,0,0,4
19012,1,4,5
15040,0,0,4
21272,0,0,2
14236,0,4,5
25623,0,5,5
2831,0,2,2
835,0,0,4
20103,1,1,2
15804,0,4,0
2641,0,3,2
5080,0,4,5
12870,1,3,4
25262,0,1,4
1173,0,0,4
18751,0,1,2
1831,0,0,2
20693,0,2,0
27471,0,3,3
18861,0,2,2
9465,0,2,0
566,0,2,2
11802,0,0,2
12966,0,3,4
16177,0,1,4
9323,0,0,4
18643,0,2,0
26447,0,3,3
7093,0,4,0
11827,0,3,4
2655,0,4,1
20322,0,2,0
26689,0,0,4
16727,0,2,0
2246,0,0,2
286,1,4,1
9593,1,1,2
16504,0,5,5
8,1,4,1
14587,0,3,4
23005,0,4,0
1155,0,2,0
8772,1,3,2
13084,0,1,2
19989,0,0,4
18624,1,4,5
13507,0,3,4
27565,0,1,0
14838,1,3,4
3088,1,1,2
10528,0,2,0
12950,0,4,5
25692,0,1,4
188,0,2,0
14102,0,4,5
5405,0,5,1
6210,0,3,4
14154,1,4,5
225,0,2,0
17565,0,2,0
11471,0,3,4
5226,1,3,3
19112,0,1,0
2,0,0,2
5271,0,0,2
17506,0,5,1
6102,0,3,4
19858,0,0,2
21797,1,0,4
1689,0,3,3
20177,0,1,4
26234,1,3,4
5451,0,2,0
7809,0,2,0
12583,0,3,4
19569,0,0,4
23679,0,2,0
23325,1,1,2
2398,0,1,0
16958,0,0,4
5773,0,0,2
19784,0,1,0
20793,0,3,4
7129,0,0,2
22334,0,4,5
5335,0,3,2
26448,0,4,5
23561,0,0,2
24570,0,3,4
5729,0,3,4
13162,1,0,2
6473,0,0,4
18215,0,3,3
27074,1,3,4
2414,0,4,5
25638,1,2,0
18274,0,5,1
407,1,5,1
1001,0,4,5
21673,0,2,5
12869,0,0,2
7560,1,3,4
958,1,3,3
20661,0,3,4
12289,0,2,0
5669,0,5,1
8034,0,0,4
2097,0,3,3
16803,0,3,4
16595,0,2,5
25070,0,5,1
23791,1,3,4
4243,0,3,2
15855,1,3,2
17075,0,0,2
1544,1,3,4
26916,0,1,0
18466,0,5,5
12342,1,3,3
27801,1,5,5
18993,0,4,5
19483,0,2,0
5059,0,3,4
2171,1,0,2
14419,1,5,5
9529,0,3,4
12151,0,3,4
23837,0,0,4
7535,0,0,4
15305,0,0,4
6257,0,3,4
18631,0,4,5
10568,0,2,0
11087,0,5,1
25414,0,1,0
22216,1,0,2
16048,1,1,2
14538,1,3,4
25647,0,3,3
533,0,5,5
27626,1,3,4
4793,0,1,2
13152,1,0,4
18734,1,2,0
2554,1,0,4
6076,0,4,1
17542,1,3,4
2527,1,5,5
11720,1,3,2
11038,1,3,3
23030,0,5,5
20613,0,3,2
2453,1,3,4
774,0,5,1
24390,1,3,2
10414,1,2,5
12666,1,3,4
9253,0,3,4
238,1,3,3
9589,0,3,4
18485,0,0,4
10713,1,3,2
3558,1,3,4
2663,1,0,2
203,1,5,5
20517,1,3,3
24330,0,5,5
19617,0,0,4
10625,0,3,3
4217,0,0,2
16998,0,4,5
4997,0,5,1
20848,0,4,5
26352,0,0,4
20265,0,3,2
22914,1,3,4
12606,1,3,4
25091,0,0,2
15271,1,3,3
3749,0,0,4
3152,0,0,4
2442,1,4,5
22261,0,2,0
3114,1,4,5
370,1,4,5
23923,0,3,2
21470,0,2,0
22336,1,0,4
1186,0,0,4
18270,0,1,0
14449,1,1,4
3173,1,3,3
5677,0,0,2
10389,0,2,2
11243,1,3,4
8161,0,5,1
475,0,5,5
22626,0,3,4
765,0,1,2
8289,0,2,0
25214,0,1,2
5700,1,2,5
2923,1,5,1
3667,0,3,4
20262,0,2,5
11303,1,3,3
17733,0,5,5
1615,0,5,1
18557,0,0,4
2378,0,4,1
22853,0,1,2
16742,1,3,4
3738,0,3,3
23815,1,3,3
15842,1,1,0
19293,0,0,4
1735,0,1,4
21936,0,2,0
16743,0,3,4
27254,0,3,2
26841,0,2,2
11178,0,3,4
7059,0,3,3
9792,1,3,4
5966,0,1,4
10762,1,3,2
15757,1,0,4
20085,1,3,4
2329,1,1,2
2519,0,1,2
7789,1,3,4
6126,0,3,4
5741,1,3,4
26606,1,3,4
21749,1,3,4
6211,0,4,5
10597,1,5,5
11267,0,5,5
10232,0,4,5
18245,0,1,2
15493,0,2,0
16204,1,3,2
12785,0,0,4
14209,0,0,2
26939,0,5,1
25322,0,5,1
5443,0,3,4
13039,0,3,4
21918,1,3,3
5282,0,2,5
17338,0,1,2
5875,0,3,4
16201,0,3,2
14470,0,0,4
778,0,3,4
26403,0,3,3
1171,0,1,2
26722,0,1,2
13295,0,2,0
19338,0,2,2
4421,0,5,5
12760,0,1,4
2815,1,5,5
2109,0,3,3
668,0,1,0
21689,0,5,1
20887,0,0,4
13866,1,3,4
25010,0,4,1
10600,0,2,0
18899,1,3,4
6379,0,3,4
12472,0,0,2
10171,0,5,1
16325,1,5,1
528,0,0,4
2341,0,4,5
3835,1,5,1
15887,0,1,0
10103,0,0,2
26027,0,2,2
19820,0,2,0
27732,0,2,0
26305,0,0,4
7693,1,5,1
23715,0,2,0
5406,1,3,4
2363,0,2,5
931,0,2,2
6427,0,3,4
21102,1,3,4
15566,0,1,2
8732,1,4,0
20071,0,4,5
4747,1,3,4
18881,0,0,4
27768,1,3,3
20865,0,3,3
7154,1,3,4
14428,0,4,5
25979,0,5,5
1279,1,3,4
8483,0,1,2
4745,0,1,2
20039,0,3,3
25851,0,3,4
9643,0,5,5
9299,0,0,4
10723,0,0,2
11838,0,0,2
20001,0,3,3
25320,0,3,2
25665,0,0,4
5330,0,2,5
10668,1,4,0
13387,0,3,2
5837,0,3,4
7832,0,1,2
13130,0,4,0
10703,1,5,5
1649,0,4,5
26987,0,1,2
21649,0,5,1
10057,0,3,2
8254,0,4,5
21615,0,0,4
16192,0,3,2
13155,0,2,2
13926,1,3,4
6246,0,3,4
2734,0,2,0
12703,1,3,3
18425,0,0,4
19148,0,1,2
11470,1,3,4
20133,0,5,5
14441,0,4,0
20922,0,1,4
21187,0,3,3
17341,0,3,3
17437,1,3,3
16894,0,1,4
7095,0,5,5
15567,0,0,4
9505,0,3,4
7489,0,3,4
21748,1,1,2
20185,1,1,4
16583,0,2,5
13830,1,3,4
26771,0,1,2
539,1,5,5
4002,0,5,5
2131,0,0,4
5959,0,5,5
2749,0,2,0
23349,1,1,2
25032,0,1,0
17878,1,3,2
10549,1,5,5
23362,1,0,4
11012,0,5,5
26412,0,4,5
18692,0,4,5
18679,0,4,5
1251,1,0,4
2251,1,3,4
18618,1,4,1
2570,0,2,0
14221,1,0,2
2898,1,2,5
27531,1,3,3
10768,1,0,2
22345,0,2,2
26675,0,5,5
3183,1,1,4
8460,1,3,4
4601,0,1,0
19123,0,5,1
18862,1,3,3
21223,0,3,3
10080,1,3,2
15055,0,3,4
25563,1,3,4
2457,0,1,2
586,1,4,0
2572,0,4,5
16950,0,4,5
25742,0,3,2
20143,0,3,3
17302,0,1,2
14272,0,4,5
13173,0,0,2
3976,0,3,4
18926,1,4,5
6474,1,3,4
18461,0,1,2
19822,1,3,4
16809,0,0,4
17185,0,3,4
13257,1,1,2
3570,1,3,4
21710,0,3,4
10101,0,2,0
16463,0,1,2
25347,0,5,1
16857,0,0,4
18033,0,5,1
10162,0,2,0
16884,0,4,0
3823,1,5,1
5954,0,1,4
17209,0,3,4
18475,0,4,5
11459,0,3,4
12928,0,1,2
23333,0,0,2
23035,1,3,3
20024,0,0,4
21685,0,1,2
22943,0,3,4
5166,0,3,4
18357,0,1,2
276,0,0,2
10234,0,2,0
24904,1,3,3
20913,0,3,3
10193,1,2,0
18673,1,1,2
19998,0,1,4
24952,1,3,3
18858,0,5,5
12965,0,0,2
13355,1,1,4
18629,1,1,0
444,0,0,4
8168,0,1,2
12243,0,5,1
13058,0,4,5
16145,1,3,3
25767,0,3,2
11790,0,2,0
3821,1,3,2
6520,0,0,4
7749,0,5,1
15090,1,3,4
26067,1,5,5
25247,0,5,5
19602,1,0,4
13331,1,2,0
1905,1,3,4
12570,1,3,4
25777,0,2,0
19590,0,2,0
21538,0,0,4
3893,0,4,5
16671,0,3,4
5909,1,3,3
12436,0,0,2
11567,0,3,3
14327,0,1,2
10117,0,3,4
3643,0,3,4
15552,0,5,5
25059,0,5,1
6122,0,1,0
27327,1,3,4
15810,1,4,1
4843,0,3,3
719,1,3,4
4012,0,3,4
16714,0,1,2
726,0,4,5
9311,0,0,4
25169,0,3,4
12689,0,0,4
2723,1,0,4
18497,0,5,5
22387,1,5,5
6230,0,1,2
21949,0,4,5
21723,0,3,4
18661,1,5,1
21389,1,0,2
18342,0,0,2
9793,0,3,4
15731,0,4,5
16264,0,5,1
8634,0,2,0
1024,0,5,1
13986,1,3,3
14461,1,2,2
27457,0,0,4
6856,0,3,3
21939,0,5,1
6984,0,4,5
17065,0,3,3
21896,0,0,4
2288,1,5,1
12811,0,3,2
11266,1,3,4
23351,1,0,4
27131,0,1,2
10801,1,1,0
1712,0,3,3
16500,0,1,4
10362,1,0,4
17221,0,3,4
8353,1,3,3
18547,0,0,4
18616,1,1,0
15767,0,3,3
15866,0,3,2
2560,0,5,5
5057,0,5,1
10892,0,2,0
21702,1,4,5
25826,1,3,4
19365,0,1,0
16839,0,3,3
14292,1,0,2
24807,0,0,4
25178,0,5,5
18269,1,4,1
9791,0,0,2
13185,1,0,2
11779,0,5,1
3157,0,5,5
22958,1,0,4
8700,1,3,3
13015,0,3,4
23597,0,0,2
26462,1,3,3
9839,0,0,2
14788,1,3,3
1625,0,5,5
1785,1,3,3
4407,0,5,5
10220,0,2,0
25650,1,4,5
416,1,2,0
22322,0,4,5
23502,0,3,3
11338,0,3,3
609,0,0,2
6533,0,0,4
9499,0,4,5
2639,0,0,2
1111,0,4,5
6365,0,4,0
10181,1,2,0
22899,0,2,0
15948,0,0,2
5143,0,3,4
17329,1,3,4
19450,1,3,4
3082,0,1,2
8580,1,3,3
10540,0,0,4
1424,1,3,3
3905,0,4,5
21247,0,3,3
788,0,2,0
26628,0,1,2
16538,0,3,3
6,0,2,5
23068,0,1,2
6085,0,0,2
14310,1,3,4
12628,0,0,4
2394,1,3,4
27805,1,3,3
19845,0,5,1
8612,0,4,5
25839,0,3,4
23560,0,1,0
7177,0,0,2
9936,1,3,3
326,0,1,0
25033,0,4,5
14582,0,1,2
9925,0,3,3
1220,1,3,3
1941,0,3,4
4758,1,3,4
26530,0,4,1
6853,0,2,2
2395,1,5,1
3096,0,0,4
9072,0,3,3
13494,1,3,4
4,1,1,0
9479,0,1,0
25431,0,5,1
18711,1,0,2
27778,1,5,5
5419,0,3,4
12222,0,3,4
23487,0,2,2
26554,0,4,5
10158,0,5,1
2200,0,0,2
9193,0,3,4
18670,0,5,1
6450,1,3,4
18934,1,3,4
17841,0,4,0
7119,0,3,4
2084,0,3,3
27014,1,3,4
6187,1,3,4
5190,1,3,3
21539,0,1,2
6145,0,0,2
19235,0,3,4
11695,0,0,2
13146,0,3,3
14438,0,2,2
20636,1,3,4
4254,1,3,4
2331,0,0,4
171,1,0,4
20228,0,5,5
13190,0,0,2
20623,0,0,2
26417,1,1,2
2906,0,3,2
25981,0,2,0
11756,0,5,1
21829,0,2,0
14124,0,1,2
2656,0,5,1
7215,0,3,4
278,0,2,5
12086,0,4,1
21290,1,0,2
12619,1,3,4
10796,0,1,0
19461,0,0,2
17352,1,3,3
18562,0,3,3
6040,0,3,2
22325,1,1,2
16478,0,4,5
1421,0,3,3
27671,0,1,2
10712,0,3,2
3827,0,0,2
5761,0,0,2
14098,0,0,2
3901,0,0,2
11073,0,5,1
2526,1,4,5
408,0,0,2
11350,0,3,3
22975,1,3,3
1191,1,1,4
20139,1,2,0
4288,0,2,0
5034,1,3,4
9970,0,1,4
7685,0,3,2
14190,1,3,2
14115,0,5,1
27493,0,1,2
10629,1,1,2
3828,0,1,0
1240,1,1,4
3924,0,3,4
21947,0,2,0
12744,1,0,4
1359,0,3,4
26915,0,5,1
907,0,1,4
14774,0,0,4
2520,0,2,0
27767,0,2,2
6149,1,3,4
714,0,4,5
4627,0,3,4
25654,0,0,4
16059,0,5,5
5524,0,4,5
10823,1,3,4
15874,0,0,2
4132,0,4,0
9239,0,0,2
18845,0,0,4
16835,0,2,0
288,0,0,2
17159,0,0,2
12425,0,0,2
2690,1,0,2
1497,0,3,2
15826,0,4,1
6652,0,3,4
17339,0,0,4
15545,1,3,4
12112,0,1,0
14451,1,4,0
13308,1,0,4
11650,1,3,3
16987,0,5,5
65,1,0,2
26005,0,4,5
23018,0,2,2
1253,0,4,0
21413,1,3,4
27351,1,3,4
4854,1,3,3
8721,0,2,2
24985,0,2,5
10543,0,3,4
9933,0,2,0
21383,0,0,2
10641,1,0,4
8844,1,3,4
18431,0,5,5
11923,0,5,5
20050,1,3,3
1613,0,0,2
19943,1,3,4
25165,0,2,0
4027,1,5,5
27505,0,0,4
9047,0,5,5
75,0,0,2
26101,0,0,2
14776,0,2,2
18391,0,5,5
14786,0,5,5
24844,1,3,4
23313,1,1,2
6028,0,2,5
16797,0,0,4
18582,0,4,1
3160,1,2,2
9647,0,0,4
23375,0,5,5
2634,1,3,3
7894,0,4,5
4805,0,0,4
26763,1,3,3
17220,1,3,4
23514,1,3,3
24630,0,3,3
14395,1,5,5
2855,1,0,4
15078,0,3,4
15651,0,3,3
14705,1,3,3
23294,0,5,1
2826,0,5,5
2766,1,3,4
11728,0,1,0
26991,0,3,4
16196,0,0,2
13591,1,3,4
155,0,3,4
20756,0,0,4
19403,0,3,2
1107,1,2,0
4699,0,3,4
25021,0,5,1
918,0,2,2
23292,1,0,2
12485,0,0,2
11861,0,1,2
481,0,1,2
14658,1,3,4
10194,1,0,2
396,0,0,2
5694,0,4,1
16863,0,5,5
3412,0,1,4
14469,1,0,4
2982,1,3,4
18982,1,3,4
16033,0,2,0
15327,0,0,2
3134,0,3,3
26761,0,0,4
11661,0,0,4
14574,1,3,4
2808,0,2,0
2094,0,1,2
22242,1,3,4
2494,0,0,4
6193,0,1,2
24915,0,0,4
10252,1,2,0
16162,1,1,4
7061,1,3,3
777,0,1,2
454,1,4,5
20275,0,2,5
24163,0,5,1
12651,0,2,0
8602,0,1,4
11156,0,4,5
10404,1,3,2
5499,0,2,0
22589,0,1,2
5341,0,2,0
4493,0,5,5
14958,0,3,3
21774,1,3,4
8554,0,0,4
2474,0,3,4
10316,0,1,2
25815,0,3,4
23547,0,2,5
22039,1,3,4
20025,0,3,3
16833,0,0,4
15945,0,1,2
9496,1,2,0
4039,1,5,5
23872,0,1,4
20768,0,0,4
19949,0,4,5
24760,1,3,4
26735,0,1,2
1473,0,3,2
863,0,3,3
14067,0,5,1
1665,0,3,4
18093,0,5,5
8193,0,2,0
26011,1,4,0
22358,0,4,0
9707,0,0,4
1434,0,0,2
489,1,3,4
13314,0,4,5
4038,1,4,5
9012,0,3,3
24867,0,0,4
21174,1,3,3
18574,1,3,2
22960,1,2,0
25009,0,5,1
15617,0,3,3
14153,1,3,4
359,1,5,1
14392,0,4,5
4345,0,4,5
6330,0,5,5
2262,1,3,4
23394,1,3,4
21859,1,5,5
5389,0,4,5
5836,0,2,0
26473,0,3,3
2231,1,0,2
18646,1,3,4
26846,0,3,3
1007,1,3,4
19751,0,5,1
14196,0,2,5
10175,0,1,2
7032,0,4,0
1337,0,3,4
5572,0,4,5
25119,0,5,1
10079,0,0,2
6962,0,3,4
6905,0,3,3
16707,0,3,4
21647,0,3,2
9563,0,0,2
12831,0,2,5
14992,0,2,2
7383,0,3,3
13320,0,4,5
25524,0,2,0
339,0,3,4
21679,1,5,1
26034,1,0,4
9600,0,2,0
4506,1,3,3
4104,1,0,4
4888,0,1,4
15706,0,1,2
11131,0,4,5
16905,0,0,4
24041,1,3,2
16337,0,5,1
26604,0,1,2
26048,1,4,0
15873,1,1,0
548,1,2,2
16776,0,4,5
17927,0,3,2
2983,1,5,1
16394,0,4,5
20504,0,3,3
3355,0,3,4
14106,1,3,4
23130,0,3,4
17327,0,0,4
19473,0,0,2
10398,0,3,2
6892,1,3,3
21832,0,5,5
15556,0,3,4
10598,0,0,4
2559,0,4,5
21066,1,3,4
11896,0,2,0
5130,1,3,4
20876,1,3,3
26046,0,0,4
20035,0,1,4
19758,0,4,5
23465,0,4,5
344,1,2,0
23212,0,0,4
2391,0,2,0
22851,0,2,0
10474,1,0,2
6842,0,1,2
3841,0,4,1
1394,0,1,2
23304,1,0,2
8665,1,3,4
9488,0,4,5
16976,1,0,4
1339,0,5,5
11920,0,0,4
753,0,1,2
10979,0,5,5
3259,0,3,4
4422,0,3,4
21684,0,0,2
6232,0,4,5
17711,1,3,4
10690,1,2,2
16191,1,3,2
15222,1,3,3
18597,0,4,1
19496,0,1,2
19807,0,1,2
10062,1,2,5
12794,1,0,2
8348,0,0,4
4445,0,5,5
14150,1,0,2
7319,0,2,0
25296,0,5,5
18920,0,2,0
18662,1,0,2
16827,0,3,4
15115,0,3,4
13998,1,3,3
26022,1,1,4
5861,0,5,5
24185,0,3,4
7357,0,0,4
16421,1,3,4
18454,0,2,0
20067,1,0,4
5688,1,0,2
25319,0,2,5
21941,1,1,2
15640,0,3,3
22567,0,3,4
943,0,1,4
5377,0,1,0
10748,0,3,2
4171,0,3,3
21935,0,1,2
7261,0,0,4
10881,1,3,4
7056,0,4,0
19315,0,2,2
4579,0,3,2
5911,0,5,5
23332,0,4,5
27240,0,1,0
19747,0,1,0
24770,0,0,2
15815,0,3,2
9655,0,2,2
24486,0,3,4
7606,0,1,2
8976,1,3,4
26567,0,2,0
2787,0,3,4
8412,1,3,4
13258,0,0,4
2870,0,3,3
10260,0,0,4
26269,0,0,4
20253,0,3,2
11637,0,0,4
2368,1,1,0
23346,1,3,4
26594,1,3,4
10663,0,5,5
2863,1,5,5
18307,0,0,2
12075,0,1,0
23586,1,3,2
26341,0,0,4
3678,0,3,4
25454,0,3,4
8731,0,0,4
26830,0,4,0
23328,1,4,5
6303,0,2,0
23141,0,1,2
23537,0,0,2
15185,0,0,4
15725,1,5,5
11888,1,3,4
14046,1,3,3
8722,0,1,4
27698,1,3,4
19547,1,3,4
20045,0,4,0
20323,0,0,2
18644,0,4,5
19034,1,0,4
12643,0,3,4
11804,1,3,4
6364,0,2,2
25128,0,2,0
10758,0,0,2
27519,0,3,3
16923,0,5,5
14185,0,2,5
27170,1,3,3
13342,1,2,2
22207,1,5,1
24090,0,3,2
10851,1,0,2
13294,0,1,2
11494,1,3,4
2346,0,3,4
27063,0,3,4
12691,0,3,3
18382,0,3,4
4442,0,4,5
25778,1,3,4
136,0,0,2
13317,0,1,2
6844,0,3,3
10651,0,3,3
18702,1,5,1
5091,0,1,2
12423,0,2,5
21314,0,2,5
16640,1,0,2
9814,0,1,2
11732,1,3,2
18524,0,2,2
16592,1,0,2
8718,1,0,4
26221,0,0,2
20863,0,1,2
12199,0,3,4
23367,0,4,5
607,0,2,5
14324,1,2,0
4264,0,1,0
24063,0,1,0
975,1,4,5
10946,1,2,0
16764,0,4,5
8965,1,3,4
7630,0,1,4
22818,0,3,4
10738,0,3,2
25715,0,1,4
20647,0,0,2
2371,1,5,1
10253,1,1,2
270,1,0,2
4050,1,1,2
4362,0,3,4
2120,1,3,3
19046,1,0,4
17424,0,3,3
20289,0,3,2
8496,1,3,4
10450,1,2,0
26435,0,2,0
148,1,0,4
8088,0,3,4
23382,1,3,4
26733,0,2,0
27267,0,3,2
18921,0,4,5
24583,1,3,4
15905,1,3,4
12102,0,3,2
492,0,0,4
14754,1,3,3
19124,0,1,0
17195,0,0,2
16067,0,2,0
1096,0,4,5
2418,1,4,5
21450,1,3,4
4169,0,0,4
26619,0,3,4
14596,0,1,2
17697,0,4,5
6499,0,3,4
22361,1,1,4
13111,0,3,3
3142,0,1,2
22709,1,0,4
22949,1,3,4
15886,0,0,2
192,0,0,4
26487,0,3,2
634,1,3,2
5235,0,4,0
8975,0,0,4
6942,1,4,5
16644,0,2,0
12745,0,5,5
24557,0,0,4
7808,0,1,0
21614,0,2,2
19103,0,3,4
10615,0,5,5
5737,0,0,2
11662,1,3,3
16405,0,2,0
20160,1,0,4
12367,1,3,3
9466,0,0,2
1094,0,5,5
18441,0,1,2
18298,0,3,2
5719,0,3,4
933,0,5,5
4526,0,4,0
24988,0,3,2
24522,1,3,4
17233,0,3,4
6902,0,0,4
20164,0,0,4
787,0,4,5
22771,0,3,3
23643,0,2,0
24055,1,3,2
23335,0,3,4
5779,0,3,4
2048,1,3,4
5931,0,4,5
17962,1,3,4
15629,1,3,3
10911,1,0,4
11022,0,1,4
3087,1,0,4
21868,1,0,4
2571,0,3,3
352,0,4,5
7084,1,3,3
12066,1,3,2
22288,0,4,5
1757,0,0,4
12820,0,1,0
16333,0,1,2
27243,0,3,2
10937,0,0,4
1302,1,1,2
13025,0,0,4
20635,0,0,2
8905,1,3,4
11764,0,1,0
14410,1,1,2
13244,1,2,0
26499,1,3,2
26775,0,3,3
1194,0,0,4
11518,1,3,4
10078,0,2,5
4098,0,5,5
27191,0,1,4
3912,0,0,2
12231,0,0,2
2706,1,4,5
6665,1,3,4
27121,0,0,4
7107,0,3,2
14361,1,2,0
7907,0,4,5
23563,0,3,2
21856,1,2,0
18762,0,2,0
15964,1,3,4
5404,0,1,2
13097,0,0,4
3040,1,0,4
27015,0,3,4
14059,1,5,1
25153,0,4,5
13359,0,4,0
21782,0,3,4
254,1,1,2
333,1,3,2
16669,0,5,1
9510,1,1,2
16229,0,5,1
27741,0,0,4
16009,0,0,4
10044,0,3,2
2220,0,5,1
25994,0,3,3
21757,0,0,4
8569,0,3,3
25703,0,4,0
25706,1,3,3
5658,1,3,2
234,0,2,0
15864,0,2,5
26127,0,3,4
15940,1,3,4
16156,0,4,0
18705,0,3,4
17136,1,3,2
7474,0,1,2
2626,0,2,2
13360,0,0,4
16047,0,3,4
2339,1,4,5
17589,0,5,1
12487,0,3,2
12149,0,0,2
3166,0,2,2
5106,1,3,4
18981,0,2,0
18437,0,0,4
19266,0,5,5
17362,0,1,2
13087,0,3,3
7751,0,4,1
21518,0,3,4
5287,0,3,2
25945,0,5,5
26367,0,3,3
9575,0,3,4
14472,1,4,0
20789,0,2,0
15126,1,3,4
2283,0,1,2
2431,1,5,1
27710,1,3,4
5092,0,5,1
21967,1,5,5
16121,1,3,3
25274,0,1,4
26495,0,2,5
9691,1,1,4
15483,0,3,4
18723,0,0,4
14166,1,4,5
9049,1,3,3
19011,1,2,0
9557,1,1,2
22263,0,4,5
14655,0,0,4
7859,1,3,4
2404,1,1,0
16933,1,3,3
7402,0,4,0
27155,0,1,2
6568,0,1,4
8048,0,1,4
6199,1,3,4
9522,1,0,2
15825,0,3,2
24197,0,3,4
13337,0,2,0
3463,0,3,2
17794,0,3,3
11084,0,2,5
82,0,4,5
12654,0,3,4
2175,0,1,0
8304,0,4,5
486,1,0,4
845,0,0,4
10363,0,4,0
25299,0,0,4
19796,0,0,2
9659,0,3,3
509,0,4,5
27348,0,2,0
4803,0,2,0
14775,0,1,4
23844,0,5,5
18501,0,3,3
6159,0,2,0
20840,1,3,3
16810,0,1,2
10654,1,1,4
4200,1,0,2
25011,0,2,5
18142,1,3,3
10356,0,3,3
8061,0,2,2
4359,0,2,0
18659,0,5,1
26432,1,4,5
1593,0,3,4
6090,0,4,5
10087,0,5,1
6292,0,2,0
27228,0,0,2
22759,1,3,3
2253,1,2,0
24679,1,3,3
21648,0,4,1
22193,1,1,0
24294,1,3,3
22566,1,3,4
12857,0,0,2
7299,0,3,4
27410,0,3,4
23411,1,4,5
7727,0,4,1
7021,0,4,5
19833,0,0,2
27458,1,3,4
21734,0,3,4
21364,0,4,5
11636,0,1,4
23515,0,3,3
19817,0,5,1
4624,0,1,0
1209,0,0,4
1051,0,2,0
25130,0,1,2
2680,1,2,0
13421,0,0,2
16610,1,3,2
25321,0,4,1
207,0,3,4
7811,0,3,4
13349,1,0,4
2681,1,3,4
2264,1,2,0
6027,0,1,0
17636,0,4,5
21270,1,4,1
1087,0,4,5
8192,0,1,2
16428,0,0,4
14667,0,2,0
19349,0,4,0
12727,1,3,3
14463,0,3,3
23272,0,0,4
24161,0,3,4
3015,0,1,2
18107,0,3,4
2582,0,3,3
21990,0,3,4
19064,0,2,2
10492,0,1,2
16993,1,5,5
5417,0,5,1
10267,0,5,5
8253,0,2,0
114,0,1,2
26457,0,1,2
15730,0,3,4
14944,0,1,2
19437,0,0,2
17315,0,0,4
19650,1,0,4
7678,0,1,4
27770,0,4,5
21274,0,2,0
16524,0,3,3
5906,0,1,2
390,1,0,2
24533,0,1,2
4276,0,2,0
18379,0,4,5
8493,0,2,0
7310,1,3,3
10554,0,3,4
26903,0,5,1
20013,0,5,5
14368,0,4,5
13118,0,4,0
23521,0,0,4
8063,1,3,3
7736,0,1,0
16683,0,3,4
9641,1,1,2
22555,0,3,4
18477,0,2,0
26434,0,1,2
10184,0,1,2
9348,1,3,4
6975,0,5,5
5923,0,5,5
12567,0,1,2
10341,0,1,4
15459,0,0,2
27482,1,3,3
8170,0,3,4
18498,0,0,4
25999,1,2,2
9899,0,0,4
18330,0,0,2
2881,0,2,2
2382,1,4,1
3199,0,3,2
20947,0,3,2
27543,0,3,3
25846,0,2,0
26062,0,5,5
24666,1,3,3
5942,0,1,2
16618,0,0,2
13335,0,0,4
26485,0,0,2
2743,1,5,5
11901,1,5,5
26662,0,5,1
26927,0,5,1
24233,1,3,4
10866,0,2,0
16289,0,5,1
11009,0,0,4
2440,1,0,2
10485,0,5,1
14922,0,1,2
10945,1,1,2
24795,0,0,2
19760,0,1,0
19037,0,0,4
22,0,3,2
26453,1,0,4
2807,1,4,5
18486,0,4,5
18847,0,2,2
9850,0,1,2
25930,0,5,5
826,1,3,4
14069,1,3,4
19510,0,3,4
8494,0,0,4
21842,0,4,5
9947,0,0,4
26019,0,5,5
737,0,5,1
8217,0,2,0
12663,0,2,0
427,0,5,1
2553,1,1,2
17422,0,1,4
10409,0,1,0
1472,1,3,2
15832,1,4,1
21761,0,5,5
27217,0,5,5
1962,0,1,2
10673,0,3,3
373,0,1,0
10593,0,5,5
14825,0,0,2
21677,1,0,2
15162,1,3,4
3247,0,3,4
16090,1,0,4
599,0,3,2
19829,0,2,0
26454,1,2,0
18453,0,3,4
13135,0,3,3
3545,0,0,2
1820,0,3,2
5605,0,2,2
11192,0,4,5
23704,0,0,2
7943,0,4,5
2891,1,1,0
18627,1,0,2
27659,0,1,2
25192,1,3,4
1127,0,3,4
20885,0,2,2
25465,1,3,4
4625,0,0,2
4248,1,0,2
23177,0,1,2
10846,1,3,4
21400,1,1,0
2425,0,4,5
5823,0,2,0
19631,1,3,3
4207,0,3,2
25873,0,2,0
9913,0,3,4
10306,0,1,2
22957,0,5,5
22267,1,5,5
10484,0,4,5
10872,1,1,2
2257,0,0,2
1151,0,3,3
2878,0,1,4
18285,1,3,2
1004,0,2,0
6934,0,2,0
382,1,4,5
10099,1,0,2
19523,0,3,4
26686,0,2,0
12927,0,2,0
15946,1,4,5
3815,0,1,0
20861,0,2,2
14184,1,0,2
3041,1,1,2
16053,0,2,0
4301,0,0,2
3117,0,0,4
11147,1,3,4
318,1,0,2
25619,0,2,2
20027,0,5,5
16611,0,3,2
9181,0,3,4
8086,0,5,1
16060,1,0,4
2485,0,4,5
2184,1,0,2
25919,0,1,2
20625,0,3,2
21459,0,3,4
655,0,2,5
14223,0,3,4
19580,0,1,2
19699,0,4,1
21851,0,2,0
1529,0,1,0
4842,1,3,3
13048,0,1,2
12294,1,3,4
4251,0,2,0
17539,0,0,2
2771,1,0,4
3631,0,3,4
26342,1,3,3
17801,0,0,4
21576,0,2,2
3811,1,3,3
22719,0,0,4
2515,1,5,5
26035,0,0,4
21657,0,1,0
16968,1,4,5
4073,0,5,5
1327,1,3,4
26739,0,3,4
17684,0,4,5
10025,1,1,0
25415,0,4,5
9946,0,1,2
16166,0,4,0
4791,0,2,0
18656,0,3,4
9474,0,5,1
21283,1,5,1
13228,1,1,0
584,1,2,2
8553,0,4,0
20850,0,0,4
4410,0,3,4
21042,1,3,4
647,0,3,2
7896,0,3,4
11825,0,4,5
8121,0,2,0
6235,0,5,5
12508,0,2,0
6463,1,3,4
9265,0,3,4
25189,0,5,5
15953,1,3,4
2357,0,1,2
26579,0,2,0
2566,1,0,4
23314,1,2,0
7583,0,0,4
1734,0,5,5
5320,0,5,1
12040,0,2,2
25057,0,1,0
17254,0,1,2
22266,1,4,5
23214,0,3,3
10594,1,0,4
5381,0,5,1
21637,0,4,1
2596,0,3,3
21288,0,4,5
10185,0,2,0
10807,0,1,0
10236,0,3,4
20097,0,5,5
20729,0,2,0
2813,1,0,4
4148,1,4,0
17866,1,3,3
14291,0,2,0
24078,0,3,2
12881,0,0,2
11291,1,3,3
2662,0,2,5
20312,1,3,4
7465,0,3,4
3119,0,3,3
25862,1,3,4
8672,1,3,4
22326,1,3,3
552,0,0,4
10170,1,0,2
10006,0,1,4
21483,0,3,4
117,1,3,4
2606,0,3,3
10038,0,5,1
16139,0,4,0
18561,1,3,3
18617,0,5,1
16874,0,3,3
6243,0,4,5
10686,0,4,0
15806,1,0,4
13194,1,3,2
18699,1,0,2
12523,1,3,4
12713,0,0,4
19570,0,3,4
15639,0,1,4
7225,0,0,2
17553,0,5,1
4417,0,2,0
3984,1,1,2
15712,1,4,5
22819,1,3,4
8533,1,3,3
18803,0,5,5
2789,0,5,5
14656,0,1,2
19996,1,0,4
23623,0,3,4
18427,0,2,0
3306,1,3,4
18426,0,1,2
19038,0,1,2
10745,0,1,0
18598,0,3,2
355,1,1,0
922,1,3,3
10085,1,2,5
5047,0,3,4
18738,0,1,2
19036,1,2,0
2810,0,3,3
6067,0,5,1
20052,0,0,2
15952,0,5,1
24269,0,3,4
2697,1,2,0
3606,1,3,4
13051,0,3,4
10458,0,4,5
10453,1,5,1
19270,1,3,3
515,1,5,5
22637,0,0,4
2674,0,2,0
8630,1,4,5
21899,0,3,3
16553,1,3,3
23155,1,3,4
7380,0,1,4
8005,0,3,3
980,0,1,0
13915,0,3,4
19208,0,1,2
11936,1,3,4
26591,0,2,0
14349,0,1,2
10517,0,3,4
19391,0,3,2
500,1,2,0
7774,0,2,0
12462,1,3,2
18394,1,3,4
8075,0,5,1
6002,0,1,4
16288,1,3,4
18251,1,5,5
3963,0,1,2
27743,0,2,0
7188,0,1,2
12748,0,0,4
206,0,2,0
21835,1,5,5
9229,0,3,4
15836,0,1,0
12977,0,0,2
350,0,2,0
22228,0,5,5
2699,0,0,2
313,0,1,0
2563,1,5,5
26163,0,3,4
21527,0,0,4
22321,0,3,3
8953,0,3,4
20287,0,0,2
20864,1,3,3
21937,0,3,4
23946,0,3,4
17579,0,3,4
13261,0,2,0
22925,0,0,4
23358,0,3,4
12076,0,0,2
19785,0,3,4
15984,0,0,2
127,0,1,2
11134,1,3,4
25248,0,4,0
20721,0,3,4
9661,1,3,3
17493,0,2,5
1222,0,1,4
20033,0,2,2
26149,0,0,2
16690,0,1,2
14181,1,2,5
25382,0,3,2
10509,1,0,2
3181,0,5,5
1208,0,4,0
6270,1,3,4
2580,0,0,4
6510,1,3,4
9934,0,1,2
2498,0,4,5
6845,1,3,3
27241,0,2,5
14633,1,3,4
9599,1,3,4
18726,0,2,0
20670,0,1,0
2484,0,3,4
23301,1,4,5
14319,0,4,5
19076,0,1,0
2459,1,2,0
786,0,0,4
22997,0,1,2
21687,0,3,4
8964,0,3,4
6953,1,5,5
17674,1,3,4
1353,1,5,5
851,0,3,4
25093,0,2,0
14910,1,3,4
20765,0,2,0
3701,0,0,4
13198,1,2,5
4890,0,3,3
8279,0,3,3
14055,0,3,4
5188,0,1,2
6099,0,4,5
18549,0,1,4
26589,0,5,1
25235,0,5,5
10176,1,3,4
26652,0,1,2
23785,1,0,4
17447,0,0,4
25547,0,1,2
27815,0,2,2
11051,0,5,5
18614,1,0,2
26425,0,5,5
26918,1,3,2
25872,0,4,5
2583,0,4,5
27746,1,3,4
12078,1,3,2
1146,0,2,0
72,1,1,2
13344,0,1,2
22828,0,1,2
25393,0,3,4
7737,0,2,5
22227,0,4,5
7548,0,3,4
14423,1,2,2
22840,0,0,2
11207,1,3,4
2767,1,5,5
19271,0,3,3
17001,1,1,2
4237,0,5,1
16403,1,0,4
18672,1,0,2
64,1,2,0
18129,0,0,4
27469,0,1,2
26713,0,0,4
573,1,3,3
27216,0,0,4
5955,0,2,2
16133,1,5,5
3511,0,3,2
2640,0,1,0
11133,0,5,1
18590,0,5,1
26235,0,3,4
5847,0,2,0
6935,0,3,4
21955,1,5,1
12435,0,2,5
15377,1,3,2
6218,0,1,2
2581,0,1,2
19259,0,3,3
15423,0,0,2
8809,0,3,4
2215,1,3,4
7331,0,2,0
4951,0,3,2
23202,0,3,3
2400,0,3,4
20152,0,0,4
15485,1,3,4
5573,0,5,5
5331,0,1,0
10369,1,3,3
5140,0,4,5
22073,0,0,4
1447,0,5,1
22830,0,0,2
22903,0,3,4
14418,1,4,5
4914,0,3,3
10793,0,4,5
580,0,3,3
21384,0,1,0
26446,0,2,0
9487,1,1,0
22180,0,1,4
3331,0,3,4
17879,0,3,2
24319,1,3,3
14230,1,1,0
21686,0,2,0
7333,0,1,2
25180,1,3,4
3007,1,5,1
8158,0,3,4
18645,0,0,2
19060,1,2,2
1316,1,3,4
3122,1,0,4
5910,0,4,5
8508,0,3,3
13209,0,1,0
20176,1,4,0
17615,0,3,4
16789,0,5,5
2310,0,0,4
15592,1,0,4
8149,1,3,4
5874,1,3,4
12158,0,4,5
15939,0,5,1
2193,1,4,5
20505,1,3,3
21540,0,2,0
20048,0,0,4
26471,1,0,4
18268,0,4,1
27780,1,3,3
16604,1,0,2
22265,1,3,4
10638,0,3,3
23021,0,1,4
13269,0,0,4
7176,0,1,2
23142,1,3,4
26615,0,1,2
1482,0,2,5
227,0,3,3
3955,1,5,1
18716,0,4,5
10110,0,5,1
1275,0,2,0
14035,0,3,3
23305,1,2,0
7106,1,3,2
21055,0,3,4
12733,0,4,0
7020,0,2,2
15386,0,1,0
20209,1,2,2
13483,0,3,4
12858,1,3,2
1696,0,1,2
25743,1,3,2
22735,1,3,3
10116,1,3,4
7881,0,2,0
6051,0,2,5
13818,1,3,4
21953,1,3,4
10934,1,2,0
16579,1,2,5
14432,0,1,4
18535,0,2,2
7689,1,1,0
21506,1,2,0
25687,1,1,4
6101,1,3,4
172,0,0,4
2654,0,3,2
9900,1,3,4
14301,1,1,2
16957,1,5,1
3136,0,5,5
6147,0,4,5
25048,1,3,4
11973,1,3,3
19835,0,5,1
7929,0,5,5
27635,0,1,2
24641,0,1,2
7955,0,5,5
773,0,4,5
6162,0,4,5
6558,0,3,3
14228,0,1,0
10330,0,1,2
19000,1,2,0
21305,1,3,2
26162,1,3,4
5785,0,0,2
5212,0,1,2
11875,0,3,4
21715,1,5,1
3163,1,5,5
26404,1,2,0
728,0,0,2
12234,1,3,4
20301,0,3,2
4911,0,2,2
12032,0,3,3
12353,1,3,3
1758,0,1,4
4195,1,3,2
348,0,0,2
27000,0,1,2
195,0,3,4
6314,0,2,2
20174,1,0,4
19882,1,3,4
4468,0,5,5
26698,0,5,5
3928,1,1,2
23378,0,0,4
525,1,3,3
2905,0,2,5
21114,1,3,4
21279,1,1,0
16197,1,0,2
23778,1,3,4
4444,0,0,4
8136,1,3,4
12290,0,4,5
16964,1,0,4
2857,0,2,2
26747,0,1,2
27133,0,0,4
14385,0,1,2
8505,0,2,0
14670,0,5,5
25276,1,3,3
21779,0,0,4
23669,0,0,2
5453,0,5,1
13938,1,3,4
945,0,5,5
10852,1,4,5
23166,0,3,4
8808,1,3,4
11949,1,3,3
23753,0,0,4
13615,0,3,4
9876,1,3,4
14562,1,3,4
3619,0,3,4
13226,0,4,1
13542,1,3,4
6999,0,3,3
17172,1,3,4
25346,1,3,2
2199,0,1,0
11075,1,5,1
20274,0,0,2
23862,1,3,3
27062,1,3,4
7047,0,5,5
129,0,2,0
24843,0,0,4
22229,1,0,4
25803,0,3,4
742,1,3,4
3581,0,0,2
2567,1,2,0
18255,0,0,4
24701,0,0,4
16001,1,3,4
5503,0,3,4
5608,0,4,0
10800,1,5,1
18799,0,4,5
3856,1,0,2
4457,0,5,5
17851,0,5,5
2748,0,0,4
5511,0,1,2
310,1,4,1
10621,1,5,5
23418,1,3,4
16617,0,2,5
14791,0,3,3
11188,0,3,4
25417,0,3,4
9372,1,3,3
6805,0,2,0
27194,1,3,3
10989,0,3,3
13292,1,4,5
27073,0,0,4
1396,0,3,3
2169,1,4,1
19773,0,1,0
11159,1,3,4
4386,0,3,4
17551,0,2,0
23587,0,3,2
26643,1,3,4
25559,0,1,2
11187,1,0,2
21409,0,1,2
13035,0,2,0
8631,1,0,4
15410,0,1,0
16117,0,1,2
3630,1,3,4
26472,0,2,2
23899,0,3,3
1407,0,2,2
12496,0,1,0
8324,0,1,4
884,0,2,0
8074,0,4,1
16299,0,3,4
13517,0,0,2
21300,0,2,5
4049,0,5,5
27339,0,3,4
24974,0,0,4
14243,0,2,0
10794,0,0,2
17891,0,3,2
9769,0,3,4
14413,0,4,5
23995,0,3,4
17649,0,4,5
4674,1,3,4
6041,0,4,1
10693,1,5,5
27375,1,3,4
1178,1,1,2
507,0,2,0
14138,0,3,4
12254,0,4,5
6031,0,5,1
20384,0,3,4
22037,0,0,4
23388,1,0,4
31,0,1,0
25395,1,5,1
9656,0,4,0
11852,0,5,1
16837,0,5,5
13119,0,2,2
13107,0,2,2
19955,0,3,3
15893,1,5,1
19187,0,3,4
18304,1,4,1
13470,1,3,4
367,1,0,2
62,0,5,1
27818,0,3,3
2647,1,5,1
13036,0,1,2
4926,1,3,2
5359,0,5,1
16155,0,3,3
20136,1,4,5
18563,0,5,5
6484,0,1,2
25046,0,5,1
26794,0,4,0
13289,1,3,4
21319,1,5,1
256,1,0,4
2817,1,1,2
5676,1,2,5
15625,1,0,4
26749,0,0,4
8472,0,3,4
11910,0,0,4
3055,1,5,5
23047,0,3,4
18579,0,0,2
15781,1,1,2
6006,0,3,3
4182,0,3,2
21806,0,3,4
848,0,1,2
9568,0,5,5
17160,0,3,4
1384,0,3,3
15817,0,5,1
25608,0,2,0
16616,1,0,2
19857,0,3,4
8292,0,3,3
26047,1,0,4
26063,0,4,0
21391,1,5,1
5668,0,4,1
10721,0,5,1
1720,0,1,2
460,0,3,4
27456,0,1,2
25671,1,3,3
14117,1,2,0
14263,1,5,1
23776,0,1,2
18860,0,4,0
2727,0,2,0
12762,0,0,4
20685,0,3,4
21979,0,3,4
3270,1,3,4
657,0,1,0
16861,1,3,3
16887,0,5,5
10077,0,1,0
3594,1,3,4
425,0,3,4
19030,1,3,3
21923,0,0,4
11542,1,3,4
14959,1,3,3
23315,1,0,2
5462,0,1,2
3837,0,0,2
16239,0,3,2
25061,1,3,4
27290,0,3,2
12461,0,0,2
4399,0,3,4
21807,0,4,5
12451,1,3,2
17614,1,3,4
4588,0,1,0
12111,0,5,1
4553,0,0,2
26954,1,3,4
22332,0,2,2
25622,1,3,3
23238,0,3,3
21458,0,2,0
18749,1,1,2
4123,1,5,5
11158,0,5,1
178,1,3,4
2320,0,1,2
16694,1,3,4
10555,0,4,5
1061,0,5,1
24546,0,3,4
5093,0,0,2
14956,0,1,2
24042,0,3,2
7226,1,3,4
849,0,5,5
4481,0,0,4
18977,0,5,5
14728,0,2,2
755,1,3,4
21880,1,1,4
16952,1,0,2
21946,0,1,2
715,0,2,0
6487,0,3,4
18512,0,2,2
6795,0,1,2
2981,1,0,2
1180,1,0,4
10960,1,0,4
11047,0,4,0
2830,1,4,5
15975,1,0,2
13270,0,1,2
3149,1,3,3
27086,1,3,4
5213,0,5,5
20757,0,3,4
13009,1,0,4
2594,0,2,2
25923,0,3,4
21581,1,1,2
15889,0,4,5
15411,0,0,2
2539,1,5,5
20431,0,0,4
5633,0,5,5
8098,0,2,0
26271,0,3,4
14128,0,5,1
3034,0,0,4
20754,0,1,2
7007,0,5,5
16476,0,1,2
22890,1,3,4
14033,0,4,0
23312,1,5,1
16627,1,1,0
11423,0,3,4
8281,0,4,5
7992,1,3,3
6819,0,0,4
898,1,3,3
21497,0,1,2
10649,0,1,4
4315,0,3,4
12701,0,0,4
8613,1,3,4
2828,1,2,2
24097,0,1,0
15727,0,2,0
6770,0,1,2
25538,1,3,4
15698,1,2,0
10278,1,0,4
14152,1,2,0
1304,1,4,5
5582,0,1,4
13062,1,3,3
10469,0,1,0
2263,1,5,1
10321,1,3,3
4212,0,5,1
27123,0,3,3
266,0,2,5
2351,1,1,2
27567,0,3,2
11302,0,3,3
6817,0,2,0
21628,0,4,0
17016,0,3,4
21315,0,3,2
6127,0,5,1
14281,1,4,5
5575,0,3,3
12810,1,3,2
1422,0,5,5
10799,0,5,1
5811,0,2,0
12270,0,3,4
15652,1,1,4
2947,1,5,1
8316,1,3,3
25211,0,5,5
10051,0,5,1
21849,0,0,4
13068,1,0,4
7921,1,3,4
23368,0,2,0
4128,0,0,4
2979,0,3,4
8617,1,5,5
12134,0,1,0
2489,1,3,4
14447,1,2,2
16966,1,2,0
10338,1,0,4
16790,1,3,4
10985,0,0,4
14321,1,3,4
17196,1,3,4
6924,0,5,1
22849,0,4,5
10692,1,4,0
4117,0,1,4
10305,0,4,5
22993,0,5,5
9024,1,3,3
10773,1,3,4
14057,0,5,1
21590,0,3,3
26688,0,4,5
4346,0,2,0
19606,1,3,3
10627,0,5,5
10269,0,1,2
410,0,2,0
15387,0,0,2
862,1,3,3
8734,0,1,4
15974,0,5,1
13963,0,3,3
25719,1,3,3
16010,0,4,5
4179,0,1,0
14478,1,3,3
22942,0,2,0
26664,0,4,5
23571,0,2,5
10076,0,4,1
15696,1,0,2
10374,1,0,4
2544,0,2,0
167,1,3,4
21892,0,4,0
10400,0,5,1
1292,1,3,4
267,0,3,2
21544,1,0,4
8737,1,3,3
2367,1,0,2
10746,0,2,5
14351,1,0,4
16881,0,0,4
58,1,3,4
21549,0,1,2
2196,1,1,0
6013,0,0,2
9612,0,0,4
3582,1,3,4
6352,1,3,3
2957,0,3,2
473,0,3,4
11482,1,3,4
11912,0,5,5
9863,0,0,4
1110,0,2,0
16871,0,2,2
1241,0,4,0
6854,0,1,2
22012,0,1,2
18010,1,3,4
8195,0,4,5
5657,0,3,2
2179,0,3,2
619,0,2,5
18898,0,3,4
10581,1,0,4
4227,0,2,5
10995,1,4,5
21558,1,4,5
18538,0,3,3
13094,0,4,5
2217,1,5,1
12916,0,1,2
23443,1,3,3
12460,0,1,0
16587,0,3,2
27729,0,0,4
5695,1,3,2
7964,0,1,2
11481,0,0,2
25670,0,3,3
10759,0,1,0
19727,0,5,1
15789,0,2,2
2434,0,0,2
448,0,4,5
18654,0,4,5
20731,0,0,2
15774,0,0,4
12882,1,3,4
14827,1,3,4
23286,1,3,3
4470,1,3,3
7679,0,0,4
16181,1,5,5
2183,1,2,0
16670,1,3,4
11898,0,3,4
18826,1,3,3
8673,0,2,0
13567,0,3,4
22182,1,3,3
9286,0,1,2
16120,0,5,5
12019,0,0,4
9611,1,3,4
27613,0,2,0
2933,0,5,1
3391,0,3,3
17555,0,3,4
18070,1,3,4
16920,0,4,0
542,0,2,2
3118,0,1,2
26857,0,0,2
10115,0,0,2
6112,0,0,2
26391,0,3,3
6138,0,3,4
118,0,3,4
3037,0,3,4
6174,0,4,5
20273,0,1,0
20420,1,3,4
15638,0,0,4
2880,0,0,4
4830,0,3,3
8660,1,0,4
26998,0,5,1
25251,0,0,4
27205,0,5,5
27721,0,2,0
3808,0,1,4
363,0,2,0
18715,0,5,1
19223,0,3,4
10939,0,2,0
24474,1,3,4
10653,0,5,5
23421,1,2,0
10520,1,0,4
12637,0,5,5
19015,0,4,5
18608,0,3,2
16875,0,5,5
17087,0,0,2
490,1,4,5
1989,1,3,4
9037,0,3,3
1254,1,1,4
23404,0,2,0
3853,0,3,2
5357,1,3,4
36,1,2,0
3874,0,1,0
10573,1,3,4
18922,1,3,4
18550,0,4,0
739,0,2,0
20189,0,2,2
21925,0,2,2
446,0,2,0
3714,1,3,3
3022,1,0,2
23894,0,2,2
18883,0,1,4
1393,0,0,4
24175,1,3,4
10482,0,2,0
16826,0,5,5
21529,0,2,0
21783,0,4,5
11074,1,3,2
4219,0,3,2
9241,0,3,4
4309,0,5,1
5346,0,3,4
7010,0,0,4
19378,1,3,2
24498,0,3,4
20815,0,0,4
17938,1,3,4
11961,1,3,3
14366,0,2,0
13482,1,3,4
4477,0,2,2
13272,0,3,4
8134,0,4,5
14693,1,3,3
15800,0,0,4
9491,0,1,0
18568,0,0,2
18800,0,3,3
12183,0,4,5
18932,0,2,0
12410,0,1,4
4079,1,0,4
7729,0,3,2
7311,0,3,3
23387,1,4,5
14706,0,0,4
21720,0,0,2
25008,0,1,0
21633,0,0,2
18986,1,4,5
19917,0,3,4
2541,1,2,0
4697,0,0,2
895,0,1,2
10392,0,3,3
12906,1,3,4
25598,1,3,3
16551,0,3,3
5068,0,0,2
18957,0,4,5
585,1,3,3
859,0,4,5
2259,0,1,2
12257,0,5,5
7681,1,3,3
19458,1,0,2
15988,0,3,4
15986,0,2,0
12437,0,1,0
17482,1,3,2
16034,0,0,4
26727,1,3,4
26427,1,5,5
11627,0,3,3
27398,1,3,4
4326,0,3,4
4492,0,1,4
5431,1,3,4
10498,1,2,0
21727,1,3,4
9431,0,0,4
5728,0,4,5
20148,1,1,2
14561,0,2,0
10680,1,4,0
8687,0,5,5
3858,1,3,2
11865,1,5,1
19058,1,4,0
14242,1,2,0
2736,1,0,4
18248,0,4,5
10965,0,4,5
23010,1,3,3
24856,1,3,4
6972,1,0,4
7953,0,2,0
1031,0,3,4
3026,0,3,4
16563,0,5,5
4168,0,1,4
26785,0,0,4
19810,0,3,4
11033,0,0,4
7499,0,0,2
4519,0,3,3
7450,0,1,2
6523,1,3,3
23412,1,0,4
18404,0,1,2
14213,1,3,2
2432,1,1,2
25523,0,5,5
10782,0,5,1
20284,0,4,1
220,1,1,2
6415,0,3,4
23437,0,0,4
24820,0,3,4
26281,0,0,4
23694,0,3,4
23344,0,5,1
2827,1,5,5
24855,0,0,4
12559,0,3,4
563,1,5,5
19047,1,4,5
12364,0,0,4
833,0,4,5
6319,0,5,5
19111,0,5,1
9704,0,4,0
1832,0,3,2
15857,1,5,1
27792,1,3,3
13207,1,5,1
9605,1,2,0
10941,0,3,4
1411,1,1,2
9085,0,3,3
23777,0,0,4
10936,1,4,5
26113,0,0,2
6355,0,3,3
23657,0,0,2
14269,1,0,2
2794,1,4,5
17076,1,3,2
1425,1,5,5
4660,0,1,0
15365,0,0,2
23479,1,3,3
25934,1,3,4
19868,0,5,1
5114,0,4,5
187,1,4,5
12580,0,0,2
19114,1,3,4
14090,0,2,0
23826,1,3,3
20198,1,2,2
23523,0,2,2
14707,0,3,3
10559,1,3,4
27719,0,5,5
19890,0,4,5
7395,1,3,3
16431,0,2,0
2286,1,3,4
11874,0,0,4
10541,0,1,2
10760,0,4,1
20225,0,1,4
13298,0,5,5
3132,0,1,2
19219,0,5,5
10635,0,0,4
1314,0,4,5
2959,1,3,2
3875,0,2,0
15693,0,3,4
3150,1,4,5
1868,1,3,4
6606,0,3,3
21127,0,3,4
10486,1,0,2
27409,0,1,2
25503,1,3,4
2747,1,0,4
27266,1,3,2
541,0,1,4
19665,0,0,4
2670,1,4,1
20054,0,2,0
10222,0,1,2
25701,0,0,4
14898,1,3,4
4623,0,2,0
16493,1,3,3
2528,1,1,2
5415,0,4,5
25611,0,5,5
22782,0,3,4
14740,0,2,2
19629,0,0,4
17803,0,2,2
27709,0,4,5
13196,0,5,1
4218,1,3,2
12595,0,3,4
26409,1,0,4
4482,1,3,3
27219,0,3,3
5165,0,1,2
21841,0,3,3
19457,0,4,5
1230,1,0,4
11445,0,0,2
10859,0,3,4
15376,0,3,2
21902,1,0,4
10326,1,0,4
17699,1,3,4
967,0,5,1
1312,0,2,0
506,0,1,2
3151,1,5,5
10951,0,1,2
27022,0,1,2
11895,1,1,2
18544,1,4,0
21295,1,5,1
1059,1,1,2
18704,0,5,1
23287,0,3,3
19763,0,3,4
6956,1,2,0
284,1,2,5
12761,1,3,3
11577,0,0,4
12343,0,3,3
26843,0,1,4
7763,0,4,1
2475,0,5,1
263,1,3,3
14246,0,3,4
3073,0,4,5
463,1,0,4
14371,1,5,5
10923,1,2,0
18439,0,5,5
4300,0,1,2
8565,0,2,2
19185,0,0,4
25237,0,2,2
16678,0,5,1
19048,1,2,2
19883,0,3,4
5066,0,1,2
21931,1,5,5
19475,0,3,4
2534,0,3,4
22169,0,0,4
14789,0,1,4
8053,0,5,5
9616,1,2,0
20873,0,2,2
4238,0,4,1
18011,0,3,4
15785,1,5,5
4165,0,2,2
18246,0,2,2
22380,0,0,4
7236,0,1,2
18334,0,3,4
26039,0,2,2
7105,0,0,2
14348,1,2,0
16715,0,2,0
20708,1,3,4
11909,0,2,0
9630,0,5,5
4031,0,0,4
26893,0,0,2
25787,1,5,1
1319,0,0,4
4469,0,0,4
10207,0,5,1
21475,1,0,2
23438,0,2,0
19029,0,4,5
138,0,2,0
5611,0,3,3
21186,1,3,3
13246,0,0,2
5378,0,4,5
2285,0,5,1
17290,0,1,2
6913,0,2,2
7239,0,3,4
15353,1,3,2
11946,0,0,4
13255,1,5,1
24196,1,3,4
21438,0,5,1
7404,0,0,4
869,0,0,4
11813,0,4,5
4072,0,4,5
32,0,4,1
21989,0,0,2
7941,0,2,0
13172,1,2,5
15756,0,5,5
2413,0,3,4
23455,0,3,3
6146,0,1,2
2295,0,0,2
12233,0,5,1
18554,1,4,0
11119,0,1,0
12362,0,2,2
5366,0,4,5
17363,0,0,4
2279,1,0,2
26568,0,1,0
14751,0,2,2
1109,1,0,4
11899,0,5,5
23225,1,3,3
23441,0,4,5
25391,0,1,0
8699,0,5,5
1940,1,3,4
620,0,1,0
23895,1,0,4
23451,0,2,0
15294,0,3,3
7643,0,0,4
12063,0,1,0
15581,1,3,3
18359,1,3,4
27314,1,3,4
2327,1,2,0
24759,0,0,2
12413,0,5,5
10064,0,4,1
2235,0,2,0
23607,0,2,0
18407,1,3,4
6004,0,5,5
20468,0,3,4
17735,1,3,3
22672,0,1,2
26418,1,2,0
6354,0,5,5
23599,0,3,2
55,0,2,0
27264,0,1,0
18416,0,1,2
2208,1,2,0
15801,0,1,4
1137,1,3,4
23786,0,4,5
12245,0,1,2
10489,1,5,1
15805,0,5,5
26028,0,3,3
12556,0,1,2
1556,1,3,4
10266,1,0,4
1143,0,4,5
16657,0,2,0
4370,0,4,5
10780,1,1,0
8713,1,5,5
1508,1,3,4
21875,0,0,4
2399,0,2,0
18874,0,4,0
561,1,3,3
5454,1,3,4
21276,0,4,5
395,1,5,1
26304,0,1,2
16632,0,2,5
8592,0,0,4
6175,0,3,4
10086,1,0,2
8485,0,3,4
14056,0,4,5
12602,0,4,5
1349,0,5,5
25140,0,5,5
838,1,3,4
3974,0,0,4
2968,0,3,4
27802,0,1,4
26079,0,3,2
23334,1,3,4
3986,0,3,4
9851,0,0,4
8880,1,3,4
7073,1,3,3
2144,1,3,3
2058,0,1,2
25931,0,1,2
26456,0,0,4
20838,0,1,2
19583,1,3,4
24052,0,2,5
7438,0,1,2
1748,0,3,3
14344,0,5,5
4373,0,1,2
10173,0,2,0
8641,1,5,5
26687,0,1,2
21809,1,3,4
7837,1,3,4
5707,0,3,2
2713,0,2,0
18520,1,2,2
5427,0,1,2
25205,0,3,3
7595,0,0,4
25055,0,0,2
20886,0,1,4
23444,1,1,2
7142,1,3,4
7656,0,3,3
21619,0,5,5
3221,0,0,2
19257,0,1,2
11777,0,0,2
17827,0,2,2
6304,0,4,5
10081,0,3,2
15460,0,3,4
14058,1,3,4
1604,1,3,4
2869,0,2,2
18392,0,1,2
4889,0,0,4
18967,0,2,0
19535,1,3,4
9652,1,2,2
26711,0,4,5
19619,0,3,3
3473,0,0,2
1133,1,1,2
26697,0,2,0
19281,0,1,2
20239,0,2,5
3870,1,3,4
16623,0,3,2
16725,0,0,2
12223,1,3,4
9383,0,0,4
5862,0,3,4
22049,0,0,4
18212,0,0,4
22373,0,5,5
2864,1,0,4
17349,0,5,5
4537,0,2,2
15850,0,0,2
14119,1,5,1
5067,0,4,5
7392,0,1,4
25898,0,3,4
8276,0,1,2
10592,0,4,5
5365,0,2,0
22237,0,1,2
18943,0,1,2
19026,0,5,5
1049,0,4,5
19545,0,0,2
1266,0,4,5
8447,1,3,4
9394,0,1,2
15970,0,0,2
23338,1,1,2
10314,1,0,4
2970,1,3,4
14211,0,3,2
27097,0,0,4
1132,0,4,5
8544,0,3,3
1301,1,0,4
23473,0,5,5
25586,0,3,3
15259,0,3,3
16298,0,2,0
20553,0,3,3
13878,1,3,4
20706,0,0,2
26091,0,3,2
21911,0,1,4
15812,0,0,2
341,0,5,1
213,1,3,4
21233,0,0,4
22590,1,3,4
21138,1,3,4
6367,1,3,3
17436,0,3,3
37,1,0,2
9862,0,1,2
569,0,5,5
21808,0,5,5
24030,1,3,4
6049,0,0,2
942,0,2,2
8449,0,3,4
2155,0,1,4
1083,1,2,0
25581,0,1,2
258,0,5,5
13322,1,0,4
1543,0,0,2
19518,1,0,2
1565,0,4,5
513,1,3,3
12554,0,4,5
9921,0,2,0
22218,1,4,1
5353,0,0,2
16680,0,1,0
11984,0,3,3
18490,0,3,3
18442,0,2,0
19879,0,4,5
411,0,3,4
2227,1,3,4
20492,0,3,4
16144,0,5,5
7167,0,3,4
14390,0,0,4
10288,1,2,0
17483,0,3,2
8610,0,0,4
22357,0,3,3
154,0,1,2
23691,0,2,0
2274,0,3,4
16021,0,0,4
19931,0,3,4
3269,0,0,2
10886,1,1,2
19126,1,3,4
8928,1,3,4
17004,1,4,5
27255,1,3,2
10925,0,0,4
9460,1,2,0
23539,0,3,2
19894,0,3,4
21541,0,3,4
20889,0,3,3
10677,1,1,4
14730,1,3,3
5031,0,1,0
5501,0,4,5
9680,0,4,0
7249,0,0,4
24331,1,3,3
5618,0,1,4
222,1,0,4
8581,0,3,3
27026,1,3,4
3091,1,5,5
10922,1,4,5
15754,0,3,4
17293,0,3,4
7416,0,1,4
5859,0,2,0
12918,1,3,4
18368,0,4,5
4831,1,3,3
25863,0,3,4
3377,0,0,4
6969,0,2,0
8073,0,2,5
11787,0,4,5
19258,1,3,3
9133,0,3,2
7882,0,4,5
1162,0,0,4
1605,0,3,4
18,0,4,1
165,0,4,5
25096,0,3,4
19340,0,0,4
13651,0,3,3
18365,0,5,1
2198,0,4,5
11166,0,0,2
12555,0,2,0
4225,0,5,1
3038,0,4,5
969,0,0,2
2284,0,3,4
12064,0,5,1
27279,0,3,2
22888,0,1,2
7608,1,3,3
22146,1,3,3
4204,0,1,0
10129,0,3,4
27603,0,3,4
18905,1,2,0
5767,0,3,4
14220,0,2,0
17818,1,3,3
4000,0,3,4
16000,0,5,1
1156,0,4,5
10529,0,3,4
53,1,2,0
7296,0,1,2
7920,0,4,5
17052,0,0,4
2195,1,5,1
6223,0,5,5
12497,0,0,2
977,0,5,1
24353,1,3,3
2049,0,3,4
19916,0,5,5
11315,1,3,3
16785,0,0,4
22194,1,3,2
4382,0,2,0
14551,0,3,4
4517,0,0,4
3089,1,3,4
1566,0,5,1
16381,0,4,5
21656,0,0,2
27230,0,3,2
3125,1,3,3
13325,1,3,4
2658,1,3,2
7354,0,2,2
2445,1,2,0
6437,0,0,2
25216,1,3,3
46,1,3,4
10393,1,3,3
9108,1,3,2
13445,0,0,2
25906,1,5,5
26443,1,2,0
13168,0,3,2
16115,0,4,5
15304,0,1,4
15983,0,4,5
20011,0,1,4
10857,0,1,2
5621,0,5,5
2619,0,5,5
14320,0,5,5
1255,0,2,2
9756,1,3,4
2297,0,2,0
10929,0,3,4
23507,1,2,2
26999,0,4,5
14382,1,4,5
26769,0,2,0
23836,0,1,2
20250,0,0,2
22259,0,0,4
12008,0,5,5
20095,0,3,4
3102,1,0,4
3019,1,5,1
16934,0,3,3
397,0,1,2
13531,0,3,4
25156,1,3,4
25430,0,3,4
17278,0,1,2
1673,0,5,5
6944,0,1,2
7726,0,5,1
24595,0,3,4
17061,0,1,2
11970,0,1,2
12747,0,1,4
18165,0,0,4
1400,1,3,3
24821,1,3,4
8712,1,3,3
10844,0,4,5
9486,1,2,0
8267,0,2,0
3005,0,5,1
2568,0,0,4
14205,1,1,0
2375,0,1,0
10996,1,5,5
26953,0,0,2
21519,0,4,5
5825,0,3,4
19655,0,3,3
23178,0,3,4
9694,0,1,4
750,0,4,5
21850,0,1,2
12427,1,3,2
10111,1,0,2
12495,0,2,0
27049,0,0,4
16441,0,1,2
22241,0,5,5
27013,0,0,2
9337,0,3,4
22935,0,4,5
5414,0,2,0
16127,0,1,4
8013,0,2,2
2307,0,1,2
20211,0,2,2
27326,0,3,4
20084,0,5,5
20171,1,5,5
1496,1,3,2
27157,0,5,5
1373,0,2,0
19990,0,3,3
23432,1,5,5
9653,1,0,4
21567,0,3,3
15878,0,4,1
14610,1,3,4
26282,1,3,4
10894,1,3,4
7810,0,5,1
19010,1,1,2
19797,1,3,4
7764,1,3,2
2683,1,5,1
21535,1,5,5
15616,0,0,4
19509,0,0,2
13248,0,2,0
10617,1,1,2
3761,0,0,4
25921,0,4,5
21414,1,4,5
14280,1,2,0
27610,0,4,5
11648,0,1,4
21758,0,2,0
20310,0,2,0
23434,1,2,0
16567,1,2,5
9886,0,1,2
25407,0,5,1
11626,1,3,3
19831,0,1,2
14763,0,1,4
15496,0,3,4
10243,0,2,0
14465,0,5,5
14148,0,4,5
5211,0,4,5
26976,0,1,2
10606,1,2,0
5117,0,5,5
9660,0,0,4
17328,0,3,4
27277,0,2,5
16022,0,3,4
27587,0,0,2
3403,0,3,3
18933,0,5,1
13300,1,1,2
21565,0,1,2
9709,0,3,3
5095,0,3,4
2585,1,3,3
24962,0,1,4
9535,0,5,1
10914,0,2,0
2845,0,2,2
20780,1,3,4
6091,0,5,1
9000,0,3,3
3863,0,1,0
5653,0,0,2
22132,0,1,4
5333,0,5,1
399,0,3,4
15747,1,3,4
3146,0,5,5
9958,0,1,2
1821,1,3,2
982,0,3,4
11506,1,3,4
10624,0,2,2
10177,0,3,4
14608,0,0,2
6941,1,5,1
18577,1,5,1
659,0,3,2
24211,0,5,5
14779,0,3,3
1521,0,3,4
5813,0,4,5
16469,1,5,5
24594,1,3,4
8674,0,1,2
7607,0,0,4
18240,1,2,2
25992,0,2,0
4358,0,4,5
25402,0,1,0
19732,1,0,2
16706,0,5,1
25201,0,2,0
581,0,5,5
441,1,3,4
18630,0,1,0
10850,1,2,0
18851,0,5,5
4985,0,5,1
10533,1,1,2
18546,0,5,5
8614,0,2,0
1207,0,1,4
7080,0,2,2
15527,0,2,0
15006,1,3,3
21833,1,3,3
10836,1,2,0
13105,0,5,5
177,1,5,5
25710,1,1,4
15533,0,5,5
23348,1,5,5
22939,1,3,4
15716,1,0,4
19077,0,0,2
24580,0,0,4
19653,0,1,4
2082,0,1,2
9982,0,1,4
11169,0,3,4
22346,0,3,3
23428,0,4,5
21707,0,0,2
25991,1,3,3
22554,1,3,4
7382,1,3,3
19626,1,0,4
2226,0,3,4
22745,0,1,4
23385,1,1,2
6338,0,0,4
20002,0,5,5
21870,1,4,5
6949,0,5,5
21273,0,1,0
10279,0,5,5
22878,1,3,4
27663,0,3,4
27207,0,3,3
11873,0,4,5
21713,1,3,4
14248,0,5,1
6121,0,0,2
19326,0,2,2
6086,0,2,0
17626,0,3,4
16091,1,1,2
73,1,4,5
19929,1,3,4
11111,0,5,1
10379,0,0,4
2360,1,2,5
22219,1,5,1
17326,0,1,2
18939,1,0,2
19928,0,1,2
5463,0,2,0
16408,0,3,4
10702,1,4,0
16896,0,4,0
3916,0,4,5
26545,0,0,2
17987,0,3,4
9060,0,3,3
6075,0,0,2
2616,0,1,4
20221,1,2,2
21895,1,5,5
2646,1,4,1
3124,1,2,0
18438,0,4,5
21666,1,4,1
17915,1,3,2
20161,1,4,0
2751,0,4,5
25252,1,3,3
1055,0,3,4
3787,0,3,3
14083,1,5,1
25716,0,2,2
5850,1,3,4
3902,0,1,2
12402,1,3,3
1362,1,0,4
16585,0,4,1
16858,0,1,2
12411,0,0,4
25132,0,3,4
2824,0,3,3
14187,0,3,2
21769,0,0,4
11588,0,1,2
26040,0,4,0
5980,0,4,0
6833,1,3,3
14384,1,1,2
7772,0,1,0
22183,0,3,3
2547,0,5,5
13080,1,0,4
2344,0,1,2
4183,1,3,2
23494,1,2,2
25190,0,1,2
3509,0,0,2
16153,0,0,4
2688,0,4,5
18680,0,2,0
14680,0,2,0
23376,1,0,4
18418,0,3,4
932,0,4,0
21522,1,3,4
23802,1,3,3
26429,1,0,4
26422,1,0,4
26185,0,0,2
15067,0,3,4
12999,0,2,0
872,0,5,5
4242,1,3,2
1145,1,1,2
23822,0,4,5
26868,0,1,0
4516,0,1,4
24146,0,0,2
241,0,1,2
15484,0,0,2
22202,0,5,1
26017,1,3,3
4396,0,4,5
7631,0,0,4
20202,0,1,4
6933,0,1,2
18958,1,3,4
431,1,5,1
9562,0,1,2
12568,0,2,0
909,0,5,5
25660,1,5,5
1745,0,5,5
7522,0,1,2
9640,1,2,2
12077,0,5,1
7724,0,1,0
2726,1,3,4
12136,0,5,1
26455,1,4,5
14225,0,5,1
19678,0,3,3
15677,1,3,3
3170,1,0,4
10534,1,2,0
23154,0,3,4
23858,0,4,0
19283,0,3,3
22121,0,0,4
16107,0,4,5
22651,1,3,4
16970,0,0,4
23129,0,0,4
21411,0,4,5
16429,0,5,5
6806,0,1,2
19809,0,5,1
15591,0,3,3
27169,0,5,5
25645,0,2,0
19021,1,1,2
27529,0,0,4
11398,1,3,4
25861,0,1,2
18718,0,3,4
26151,0,3,4
9840,1,3,4
10235,0,0,4
14421,0,1,2
7597,1,3,3
5784,1,2,0
10644,1,3,3
18522,0,1,4
25822,0,4,5
27492,0,0,4
18572,0,3,2
12917,0,0,2
1977,1,3,4
10301,1,1,2
4071,0,3,3
24953,0,3,3
21952,1,2,0
10608,1,4,5
25323,1,5,1
10373,1,1,4
22842,1,3,4
6809,0,3,4
27180,0,0,4
17996,0,0,2
11422,1,3,4
2956,0,1,0
163,0,1,2
2623,1,5,5
22168,0,1,4
11170,0,5,1
23011,0,3,3
11590,0,3,3
20142,0,2,0
20421,0,3,4
16811,0,2,0
18414,0,2,0
26295,0,3,4
18897,0,1,0
667,0,2,0
20884,0,5,5
4567,0,3,2
1086,0,1,2
5035,0,3,4
25167,0,0,4
12964,0,1,2
17281,0,3,4
4435,0,3,4
18773,1,1,2
8686,0,4,5
439,1,0,4
5440,0,2,0
25357,0,3,2
17939,0,3,4
3,1,5,1
13435,0,3,2
19520,0,1,2
10733,0,0,2
22855,0,3,4
18449,0,0,4
27072,0,5,5
2538,1,4,5
11730,0,2,5
13318,0,2,0
20658,0,1,0
15881,1,5,1
12247,0,3,4
11707,0,0,2
10088,0,4,1
4285,0,5,1
20622,0,1,0
12244,0,4,5
21480,0,0,4
12194,0,2,0
26880,0,1,0
22383,0,5,5
24121,0,1,0
19294,1,3,3
7537,1,3,4
749,0,5,1
9779,0,0,2
1269,1,3,4
21395,0,1,0
27577,0,1,0
13218,1,4,1
3105,0,1,2
20192,0,5,5
5776,0,4,5
25673,1,2,2
107,0,4,5
21959,0,2,0
18956,0,2,0
18959,0,3,4
2237,0,3,4
14466,1,3,3
1100,0,2,0
17783,0,3,3
12904,0,1,0
12426,0,3,2
16055,0,4,5
18844,1,4,0
7464,1,3,4
13131,0,2,2
15695,0,5,1
11217,0,3,4
22940,0,0,4
14362,0,1,2
5884,0,4,5
4034,0,1,2
9609,0,1,2
21780,0,1,2
16639,1,2,0
26187,0,3,4
34,0,5,1
5082,1,3,4
8099,0,3,4
14474,0,4,0
5683,0,3,2
20408,0,3,4
23330,0,1,2
25640,1,0,4
25343,0,0,2
4467,0,1,2
5994,0,5,5
7501,0,3,4
13059,0,2,0
3931,1,5,1
1048,1,1,2
13266,1,3,4
15674,0,3,3
5413,0,0,2
3138,1,1,2
18119,0,3,4
22817,0,0,2
11229,0,3,4
17064,1,1,2
25345,0,3,2
7785,0,5,1
25561,0,4,5
2668,0,5,1
8364,1,3,4
25988,1,4,5
14462,1,0,4
22470,1,3,2
24006,0,3,4
23847,1,0,4
20673,0,3,4
18575,0,5,1
21006,1,3,4
2013,0,3,4
1410,1,0,4
5690,0,1,0
10147,0,4,5
18836,0,4,5
16945,0,4,0
27048,0,5,5
10622,0,0,4
8633,0,0,4
3059,0,3,4
3006,1,1,0
14455,1,5,5
10572,1,0,4
27206,1,3,3
23631,0,2,0
557,0,5,5
21355,1,5,1
15813,0,1,0
15031,1,3,3
14437,1,2,2
1124,1,0,4
10767,1,4,5
24210,0,3,4
14970,0,3,3
13032,0,5,5
2875,1,5,5
597,0,0,2
7393,0,0,4
18663,1,2,0
14255,0,0,2
2364,0,3,2
14646,1,3,4
3818,0,4,1
14729,0,1,2
21462,1,3,4
19052,0,2,2
16444,0,3,4
1663,0,4,5
25562,0,3,4
1545,0,3,4
14331,0,4,5
9131,0,0,2
18987,1,2,0
22696,0,0,4
9665,1,2,2
406,1,4,5
26557,0,0,2
16395,0,3,4
24378,1,3,2
19172,0,1,2
15697,1,1,2
19891,0,2,0
6361,0,1,4
1075,0,1,2
10067,0,0,2
10724,0,2,5
15823,0,0,2
2796,0,1,2
6114,0,5,1
22096,0,1,2
14586,1,3,4
16104,0,0,4
20910,0,1,4
23405,0,1,2
19847,0,3,4
2487,1,0,4
21126,1,3,4
22934,0,2,0
336,0,0,2
2685,0,1,2
4299,0,2,0
5680,0,2,5
17457,0,5,1
7035,0,3,3
18810,0,4,5
21030,1,3,4
25646,1,3,3
2189,0,1,0
3950,0,2,0
7018,1,0,4
2471,0,0,2
19961,0,4,5
26805,0,2,2
3024,0,0,2
19841,0,4,5
141,1,3,4
3772,0,1,4
24535,1,3,4
8027,0,5,5
14273,0,5,1
16311,0,1,2
16228,1,3,2
12591,0,1,2
13176,0,3,2
10667,1,3,3
26037,1,4,0
16360,0,3,4
23609,0,0,2
2628,0,1,4
20360,0,3,4
2958,0,5,1
1387,1,0,4
19353,0,1,4
10224,0,0,4
3164,0,0,4
7476,1,3,4
24748,1,3,4
26569,0,0,2
14264,0,1,2
22863,0,2,0
25527,1,3,4
2737,0,1,2
19367,0,3,2
24271,1,3,4
26870,1,3,2
2451,0,5,1
5594,0,1,4
25835,0,0,2
25824,0,5,1
3317,0,0,2
23821,1,0,4
175,0,1,2
13206,1,4,1
13045,0,5,5
22368,0,0,4
15363,0,3,2
15776,0,2,0
3318,1,3,4
23690,0,4,5
15507,0,2,0
20529,1,3,3
14352,1,1,2
5970,0,5,5
6439,0,3,4
27423,1,3,4
1677,0,3,4
2095,0,0,4
17983,0,0,2
10028,1,0,2
12266,0,2,0
11706,1,3,2
19495,0,2,0
14713,0,0,4
105,0,3,4
7702,0,2,5
4792,0,0,4
14094,1,4,5
23401,0,5,5
25957,0,4,5
21663,1,1,0
19414,0,3,2
17005,1,5,5
23413,0,5,5
1047,1,5,1
5730,1,3,4
3174,1,4,0
27794,0,5,5
16217,1,5,1
10613,0,3,3
2216,1,4,5
7213,0,0,2
18035,1,3,4
16978,1,2,0
26233,0,0,2
3486,1,3,2
14909,0,0,4
21402,1,4,5
6161,1,3,4
3067,1,5,5
16276,0,3,4
18698,0,0,2
21891,0,3,3
20015,0,3,3
10105,0,3,4
379,1,1,0
7030,0,5,5
4398,1,3,4
18242,1,4,5
18755,0,5,5
13301,1,2,0
15734,1,1,2
12173,0,5,1
10093,0,3,2
25013,0,3,2
9815,0,0,2
4107,0,3,3
21517,0,2,0
5317,0,2,5
21304,1,0,2
27718,0,1,2
23505,1,5,5
16037,1,3,4
4143,0,2,2
14381,1,3,4
9406,0,1,4
15521,1,3,4
8707,1,0,4
6207,0,5,5
13723,0,3,3
20335,0,0,2
11576,0,1,2
8387,0,0,2
14347,1,5,5
16823,0,2,0
14158,0,2,0
8014,0,3,3
22648,0,0,4
14692,0,1,2
13221,1,2,5
19737,0,0,2
1617,0,3,4
4527,0,1,4
4369,0,2,0
12784,0,2,2
18884,0,4,0
12484,0,1,0
2842,0,1,4
22423,0,3,2
22159,0,3,3
2838,1,3,3
22816,0,1,2
26631,1,3,4
14318,0,3,4
83,0,3,4
12534,1,3,4
23498,0,1,4
899,0,3,3
9632,0,4,5
22531,0,3,4
2867,0,0,4
7787,0,3,4
6377,0,0,2
21243,0,2,2
14527,0,3,4
465,1,2,0
5664,1,2,5
19065,0,4,0
7979,1,3,3
13046,0,4,5
22296,0,0,4
20888,1,3,3
19019,0,3,3
25491,1,3,4
21630,1,3,3
12230,0,1,2
2072,0,3,3
10231,0,5,5
22953,0,1,2
19412,0,0,2
3655,1,3,4
16825,1,3,4
17173,0,3,4
2289,1,4,5
12533,0,0,2
15835,0,0,2
11555,0,3,4
25922,1,3,4
621,0,0,2
21699,0,4,5
1046,0,5,1
20909,0,2,2
4253,0,0,2
15816,0,4,1
23415,0,0,4
21507,0,2,0
9697,1,3,3
1213,0,5,5
5234,0,0,4
3642,1,3,4
12293,0,5,5
12295,0,3,4
23742,1,3,4
41,0,1,0
5595,0,0,4
2920,0,4,1
25596,0,5,5
24643,1,3,3
19350,0,2,2
4357,0,5,1
2882,0,3,3
8941,0,3,4
14459,0,0,4
23797,0,4,5
23007,0,5,5
27363,0,3,4
26700,0,4,5
10122,0,5,1
8001,0,5,5
26053,0,3,3
7202,1,3,4
24926,0,1,4
23646,1,3,4
13073,0,0,4
2536,0,5,5
2871,0,4,0
5958,0,3,3
21531,0,4,5
10357,1,3,3
21607,0,5,5
13975,0,3,3
19137,0,0,2
2841,1,4,0
19867,0,2,0
6331,0,3,3
27480,0,0,4
20457,1,3,4
2174,0,4,1
2223,0,0,2
16020,0,2,0
1045,1,2,0
26651,0,4,5
11850,0,2,0
12218,0,4,5
2258,0,4,5
3130,1,4,5
19244,0,1,2
4540,0,5,5
3172,1,2,2
5155,0,3,4
21079,0,3,4
17314,0,1,2
11071,0,2,5
13121,0,0,4
9983,0,0,4
20224,0,2,2
21426,1,4,5
21830,0,3,3
26045,1,1,4
5102,0,0,2
8002,0,4,5
21634,0,1,0
9095,0,0,2
14162,1,0,2
5930,0,1,2
26411,0,3,4
5799,0,2,0
2691,1,1,2
16358,0,4,5
1206,0,2,2
18706,1,3,4
18443,0,3,4
4229,0,0,2
2914,1,2,5
10575,0,0,4
21554,1,0,4
10954,0,3,4
26061,0,1,4
15647,1,0,4
4480,0,1,2
10870,1,3,4
49,1,4,5
13180,1,1,0
25959,0,3,4
24975,0,1,4
12835,0,3,2
10187,0,0,2
27600,0,1,0
1869,0,3,4
26270,1,3,4
3071,0,2,0
166,0,3,4
27601,0,2,0
2362,0,1,0
754,0,3,4
8208,1,3,4
25300,0,3,3
17601,0,4,5
12316,0,1,2
26258,1,3,4
20137,1,0,4
17291,0,0,4
19842,0,0,2
19830,0,4,5
23448,1,0,4
8637,0,4,5
2967,0,2,0
9624,0,3,3
14609,0,1,2
25536,0,1,2
1783,0,5,5
23501,0,2,2
22048,0,1,2
20493,1,3,4
14718,1,3,3
22123,1,3,3
27362,1,3,4
4166,0,4,0
10931,0,5,5
12566,0,4,5
12939,0,2,0
18811,0,2,0
14238,1,3,4
2694,1,4,5
2742,1,4,5
22911,0,5,5
3497,0,0,2
5523,0,1,2
1183,0,3,3
2728,0,3,4
3023,0,2,0
19615,0,2,0
18790,0,3,4
14921,1,3,4
27683,0,1,2
1280,1,4,5
6313,0,1,2
5727,0,2,0
6594,1,3,3
5305,0,0,2
24019,1,3,4
11385,0,0,2
393,1,3,4
214,1,4,5
9528,0,1,2
2153,0,2,2
10719,1,4,1
1000,1,1,0
25371,0,3,2
2523,0,5,5
18332,0,1,2
12593,0,0,2
16049,1,3,4
3155,0,3,3
16382,0,5,5
11803,0,3,4
13011,0,2,0
12269,0,5,5
18023,0,3,4
12771,0,2,2
4239,0,2,5
14054,0,2,0
8047,0,0,4
2761,1,0,4
15174,1,3,4
22072,0,1,2
23329,0,5,1
10814,1,0,2
17374,0,1,2
25575,0,5,5
18232,0,0,4
731,0,3,4
14198,0,3,2
21439,1,3,4
3999,1,3,4
19427,0,3,2
27814,0,1,4
23622,1,3,4
965,1,0,2
21910,0,0,4
18903,1,0,2
7042,0,1,4
15736,1,4,5
10436,0,4,1
14234,0,0,2
25548,0,2,0
5296,0,2,5
18791,0,5,5
21934,0,0,2
17269,1,3,4
11613,0,0,4
2213,0,0,2
22707,0,0,4
25344,0,4,1
14216,0,1,0
10388,0,1,4
7666,0,1,4
1198,0,3,3
4638,1,3,4
15315,0,0,2
13747,0,3,2
18305,0,5,1
27146,1,3,3
5323,0,3,2
13047,0,2,0
897,0,5,5
14082,0,5,1
5922,0,3,3
560,1,2,2
18514,0,5,5
12725,0,1,2
12592,0,2,0
2874,1,4,0
19794,0,5,1
8229,0,2,0
17721,0,4,5
302,0,2,5
6015,0,2,5
11037,0,4,0
13166,0,0,2
16369,0,2,0
7475,0,0,2
2781,0,1,2
495,0,3,4
22675,1,3,3
8077,1,3,2
20121,0,4,5
1095,1,2,0
13203,0,4,1
25143,0,0,4
5689,0,0,2
12868,0,1,0
218,1,4,5
12271,1,3,4
20131,0,3,3
6807,0,0,4
25455,1,3,4
22683,0,1,2
3066,1,4,5
13144,0,1,4
6133,0,0,2
11504,0,1,2
23310,0,3,4
21433,0,0,2
3029,1,3,4
810,0,0,4
8206,0,4,5
18991,0,1,2
14340,0,0,4
5635,1,3,3
16226,0,4,1
3390,1,3,3
14897,0,0,4
21376,0,5,1
10150,0,2,0
10452,1,4,5
25790,1,3,4
8892,0,3,4
5921,0,4,5
6448,0,1,2
12989,0,0,4
10849,1,1,2
6317,1,3,3
5401,0,0,2
24523,0,3,4
13214,1,0,2
14679,0,0,4
2201,0,2,0
5153,0,5,5
6125,1,3,4
26715,0,3,4
14155,1,5,1
25631,0,2,2
4203,0,2,5
20204,0,3,3
20200,1,1,4
18200,0,0,4
16762,0,1,2
23827,0,3,3
16480,0,2,0
26904,0,1,0
10100,0,4,5
25118,0,2,0
10164,0,3,4
5383,1,3,4
11007,1,4,0
3209,0,0,2
10030,0,2,5
9504,1,3,4
5726,0,1,0
26407,1,1,2
13854,1,3,4
5725,0,0,2
21397,0,3,4
10380,1,3,3
14431,1,5,5
4687,1,3,4
3329,0,0,4
3379,0,3,3
19558,0,3,4
4891,1,3,3
10501,1,5,1
16586,1,3,2
21542,0,4,5
6100,0,2,0
5390,0,0,2
16035,0,3,4
22314,1,4,5
248,1,2,0
20251,0,2,5
27061,0,0,4
10940,1,3,4
15482,0,1,2
17113,0,3,2
10351,0,5,5
9664,1,1,4
2621,1,3,3
27278,1,3,2
2157,1,3,3
18914,1,4,5
18346,1,3,4
25316,0,0,2
7885,0,5,1
25859,0,4,5
4626,1,3,4
1238,0,5,5
5989,0,0,4
7776,0,3,4
290,0,2,5
4433,0,5,5
10912,1,4,5
21307,1,5,1
22973,0,1,2
19002,0,5,5
21396,0,2,0
23464,0,1,2
15969,0,2,0
15851,0,2,5
11660,0,1,4
13239,1,0,2
25966,0,1,2
16540,0,4,0
27226,0,5,1
16570,0,5,1
10102,0,1,0
23882,0,4,0
11578,1,3,3
26793,0,2,2
8929,0,3,4
24998,0,4,1
22792,0,1,0
3103,1,3,4
9960,1,3,3
6065,0,3,2
1277,0,4,5
15173,0,0,4
10506,0,3,4
7909,0,5,5
19354,1,3,3
7533,0,2,0
27373,0,0,2
7069,1,0,4
13296,0,3,4
11755,0,1,0
6158,0,5,1
21603,0,0,4
335,1,5,1
14429,0,5,5
9275,0,0,2
21031,0,3,4
4447,0,3,3
23875,0,3,3
18687,1,1,2
20791,1,3,4
4061,0,5,5
6832,0,3,3
11183,1,5,1
3180,0,4,0
403,1,1,2
25800,0,1,0
19627,0,2,2
27483,0,3,3
1674,0,1,2
7691,1,3,2
2615,0,0,4
22900,0,1,2
12614,0,4,5
10018,0,1,4
24797,0,3,4
1196,0,2,2
19772,0,0,2
17635,0,2,0
8543,0,0,4
18973,1,1,2
23644,0,1,0
10451,1,3,4
15912,1,0,2
10711,0,1,0
5995,0,3,3
20146,1,3,3
4051,1,4,5
2605,0,2,2
22927,0,3,4
27518,1,3,3
19196,0,0,4
26895,0,3,2
6522,0,3,3
12806,0,2,5
19446,1,0,2
1228,1,1,4
18667,0,2,0
2244,1,1,2
22327,1,5,5
18344,0,4,5
102,0,1,2
1614,0,4,5
6089,0,3,4
13056,1,0,4
19769,0,4,5
7617,1,0,4
19207,0,5,5
10054,0,0,2
2424,0,3,4
8748,1,3,2
6307,0,5,5
17099,0,0,2
11696,1,3,2
389,0,5,1
7928,0,1,2
22213,0,3,2
26199,0,3,4
4021,0,1,2
5899,0,5,5
15270,0,3,3
8681,1,1,2
23164,0,1,2
20113,1,1,2
27771,0,3,3
19279,0,5,5
7976,0,1,2
9001,1,3,3
10975,0,1,2
15709,0,4,5
10913,0,0,4
18691,0,2,0
4224,1,0,2
15797,1,5,5
2377,0,3,2
5693,0,3,2
22697,0,1,2
10835,0,5,1
12375,0,0,4
16502,0,2,2
4310,0,4,5
743,0,3,4
26415,1,5,5
24819,0,1,2
14863,0,3,4
6921,0,2,0
14719,0,3,3
6987,0,3,3
738,0,4,5
27817,1,3,3
11744,1,3,2
347,1,5,1
5774,0,1,2
8446,0,1,2
9335,0,0,4
9592,1,4,5
2993,0,3,4
798,0,5,5
21976,0,1,2
14135,0,0,2
6283,0,5,5
7041,1,4,0
12114,0,3,2
9120,1,3,2
5704,0,4,1
9217,0,3,4
11709,0,5,1
18311,1,3,2
18930,0,1,2
3826,1,0,2
11694,0,1,0
16909,0,5,5
986,1,2,0
7965,1,3,3
23873,0,0,4
301,0,1,0
1184,0,2,2
10842,0,2,0
17842,1,3,3
2617,0,3,3
15175,0,3,4
23365,0,0,4
17435,0,0,4
7738,0,5,1
11589,0,0,4
25238,0,1,2
16886,0,3,3
17411,0,1,4
16731,0,3,4
15733,1,0,4
19506,1,0,2
6195,0,0,2
18154,0,3,3
2239,1,3,4
9334,0,1,2
18904,0,5,1
13202,0,3,2
16788,0,4,5
7286,1,3,4
22803,0,4,5
15603,0,0,4
21636,0,3,2
23610,1,3,4
962,1,4,1
2965,0,1,0
15186,1,3,4
2850,1,3,3
11374,1,3,4
18750,1,3,4
24831,0,0,4
13309,0,2,0
23846,0,2,2
19041,0,5,5
16310,0,2,0
7453,0,3,4
25882,0,1,2
23453,0,4,5
1054,0,0,2
19387,0,2,5
20116,0,1,2
26661,0,2,0
4408,0,0,4
6426,1,3,4
23083,0,3,4
12674,0,2,0
9168,1,3,4
18834,0,5,5
20147,1,5,5
8038,0,2,2
6971,0,1,2
26919,0,3,2
15529,0,0,4
2463,0,4,5
13710,1,3,3
11035,0,2,2
3763,0,3,3
11900,1,3,4
2059,0,0,4
26484,0,1,0
9541,1,3,4
15718,0,2,0
18846,0,1,4
3145,0,4,5
4121,0,5,5
23706,1,3,4
23851,1,3,3
7513,0,3,4
6079,0,3,2
14093,1,3,4
22204,1,1,0
9853,0,3,4
16679,0,2,0
24773,0,3,4
5308,0,5,1
21760,0,4,5
10352,0,4,0
14409,1,2,0
17590,0,3,4
22120,0,1,2
683,0,3,4
1412,1,3,3
14787,0,2,2
2210,0,2,0
6712,1,3,4
8701,1,5,5
10915,0,4,5
18599,1,3,2
14980,0,0,4
19351,0,5,5
13010,0,4,5
2562,1,4,5
23029,0,4,0
23513,0,5,5
26426,1,3,4
14665,0,0,4
20215,0,3,3
762,0,5,1
2345,0,0,4
16919,0,2,2
11435,0,3,4
11072,0,3,2
10895,0,5,5
1676,1,3,4
4782,1,3,4
17303,0,0,4
13253,1,3,4
11788,0,0,2
14669,1,3,4
16012,1,3,4
14360,1,1,2
908,0,4,0
1119,0,5,5
23887,1,3,3
19762,1,3,4
16559,0,0,4
15675,0,0,4
10396,0,1,0
23374,1,2,0
16574,1,3,2
4877,0,1,4
1293,1,4,5
24473,0,0,2
20717,0,2,0
16988,1,0,4
12521,0,0,2
8329,0,4,0
15807,1,2,2
27706,0,1,2
8719,0,4,0
21523,1,5,5
27060,0,5,5
3973,0,1,2
12110,0,2,5
16779,0,3,4
10749,1,3,2
18243,1,1,2
22660,1,0,4
15412,0,3,4
8656,0,1,2
1073,1,0,2
6342,0,3,3
14448,0,0,4
20309,0,1,0
2782,0,0,4
25025,0,3,2
1038,1,0,2
2775,0,3,4
22297,0,2,0
10026,0,5,1
13192,0,5,1
11840,0,4,5
5274,1,3,2
25740,0,0,2
10832,0,4,5
2698,1,0,2
15707,0,2,0
953,0,0,4
5883,0,2,0
4708,0,1,2
16371,0,3,4
15472,0,3,4
1408,0,3,3
22963,1,5,5
10136,0,4,5
13327,1,5,5
27759,0,3,3
18559,0,4,0
4675,0,3,4
22289,0,5,5
15775,0,1,2
6857,1,3,3
15019,0,3,3
2591,1,4,5
23506,1,0,4
16705,1,3,4
25311,0,0,4
3937,0,0,2
24091,1,3,2
24558,1,3,4
2514,1,4,5
3852,0,2,5
6362,0,0,4
5131,0,3,4
18942,0,0,2
12258,1,3,4
16614,1,2,5
19295,0,3,3
18227,1,3,3
20110,0,5,5
1242,0,0,4
2421,0,0,2
16962,0,4,5
2455,1,5,1
14644,0,5,5
23392,0,5,5
10089,0,2,5
17365,0,3,3
26124,0,1,0
2272,1,3,4
17385,0,1,4
11935,0,5,5
2822,0,2,0
325,0,0,2
22051,0,3,4
12079,0,3,2
6546,1,3,3
13095,0,2,2
21945,0,0,2
8555,0,1,4
15963,0,5,1
10295,0,0,4
11528,0,1,2
5343,0,5,1
2612,1,0,4
19511,1,3,4
12483,0,2,5
2347,1,5,5
4105,0,1,4
26950,0,4,5
22999,0,3,3
26786,0,3,3
18537,1,3,3
10480,0,0,2
3449,0,0,2
21589,0,2,2
79,0,1,2
6157,0,0,2
23982,0,3,4
19388,0,1,0
3533,0,0,2
5851,0,5,5
2476,1,0,2
7477,0,3,4
11349,1,3,3
28,1,0,2
20802,0,1,2
23299,0,3,4
27311,0,2,0
2188,0,5,1
14502,1,3,4
13002,1,3,4
12758,0,4,0
21318,1,3,2
14174,1,0,4
7048,1,3,3
9618,0,5,5
17351,0,0,4
19639,1,0,4
26543,0,2,5
25694,0,3,3
19376,0,1,0
635,0,3,2
12187,0,3,4
16415,0,1,2
4216,0,1,0
440,1,1,2
15247,1,3,3
3987,0,1,2
21278,1,0,2
27614,1,3,4
19316,0,0,4
22320,0,2,0
2132,0,3,3
694,1,3,4
8629,0,4,5
18907,0,1,0
21299,0,1,0
26751,0,3,3
16214,0,2,5
14336,0,1,2
21846,1,3,3
8029,0,4,0
2359,0,3,3
10546,1,0,4
20101,1,2,0
20851,0,1,2
5006,0,4,5
13195,1,5,1
18821,0,0,4
130,0,3,4
10652,0,4,0
18254,1,2,2
6952,1,3,4
25129,0,0,2
8676,1,4,5
1028,0,2,0
26467,0,4,5
20540,0,3,3
12665,0,0,4
4188,1,0,2
22397,0,5,5
22086,0,3,3
906,0,2,2
2802,1,3,3
2348,1,5,5
4999,0,3,4
18946,1,3,4
3846,1,4,1
10021,1,3,3
23511,0,2,2
19557,0,0,4
17756,0,5,5
10853,0,5,1
2989,0,4,5
8243,0,3,4
12042,0,0,4
4142,1,0,4
6867,0,0,4
20767,1,3,4
2355,0,2,0
26819,0,4,0
3534,1,3,4
18682,1,3,4
20153,0,2,2
1383,0,1,2
14114,0,4,5
10871,0,5,1
289,0,1,0
3030,1,4,5
10148,0,5,1
25944,0,2,0
21242,0,4,0
13083,0,2,0
15470,0,1,2
11015,1,3,3
5791,0,3,4
4060,0,4,5
20241,0,3,2
1099,1,1,2
23416,0,2,0
3522,1,3,4
14197,0,0,2
16620,0,4,1
25117,0,4,5
2513,1,3,4
23250,0,0,4
26546,1,3,2
16982,0,0,4
20091,0,1,2
20083,0,4,5
14549,0,1,2
8216,0,1,2
26759,0,4,5
18355,0,4,5
9025,0,3,3
2225,1,0,2
2783,1,4,5
12090,0,3,2
598,1,3,2
20682,0,1,2
20063,1,5,1
21671,0,0,2
22272,0,0,4
21957,0,0,4
26783,0,1,2
23512,0,4,0
11469,0,0,2
16561,0,2,2
2245,1,0,2
6989,1,3,3
18356,0,2,0
15589,0,1,2
19893,0,0,4
5070,1,3,4
13283,0,2,0
19280,0,0,4
15256,0,1,4
2518,0,0,4
10508,0,5,1
11049,0,3,3
13323,1,1,2
27411,1,3,4
12866,1,0,2
11058,0,5,5
5379,0,2,0
24208,1,3,4
1397,0,4,5
14296,0,4,5
1951,0,0,2
18253,1,1,4
23275,0,3,3
7753,0,3,2
18252,1,4,0
19679,1,3,3
3080,1,2,0
18785,0,0,4
11600,0,1,2
242,0,2,0
8065,0,3,3
21481,0,1,2
13129,0,5,5
13233,0,0,2
26962,0,5,1
1182,0,5,5
16180,1,3,3
22309,0,2,0
27421,0,0,4
5486,0,1,2
25427,0,2,0
18128,0,5,5
14157,0,1,2
24571,1,3,4
16713,0,0,2
14169,0,1,2
10579,0,4,5
26614,0,2,0
23239,1,3,3
16975,0,5,5
3293,0,0,2
16174,0,2,2
13711,0,3,3
3027,0,4,5
9816,1,3,4
16599,0,3,2
21328,0,1,0
2411,0,1,2
1361,0,5,5
20456,0,3,4
16668,0,1,0
9478,0,2,0
4875,0,2,2
11863,0,5,1
6353,0,4,0
5802,1,3,4
10804,1,4,5
22971,0,4,5
26408,0,1,2
6879,0,1,4
19267,0,2,0
8183,0,4,5
2793,1,2,0
4852,0,1,2
221,0,0,4
1019,0,3,4
7034,0,1,4
5583,0,0,4
9755,0,0,2
1320,0,1,2
16643,0,1,0
19087,0,5,1
15258,1,3,3
5461,0,0,4
21551,0,3,3
24987,0,5,1
27627,0,3,4
21915,0,5,5
2426,0,5,1
20217,0,5,5
12736,0,2,2
285,1,3,2
16822,0,1,2
15604,0,3,3
10427,1,0,2
5534,0,1,2
1405,0,0,4
22850,0,5,1
1062,0,2,0
22298,0,3,3
10473,0,5,1
5586,0,3,3
24941,0,3,3
20169,0,5,5
3282,1,3,4
10974,0,2,0
10840,1,5,1
22706,0,2,2
5977,0,0,4
10784,0,0,2
22395,0,3,3
18838,0,3,3
21521,1,0,4
9634,1,3,3
14539,0,3,4
10462,1,2,0
7067,0,0,4
23008,0,1,4
827,0,3,4
4122,1,3,3
2943,0,3,2
21863,0,1,2
19846,1,3,4
12697,0,5,5
14607,0,4,5
13675,0,3,3
19689,0,0,2
22097,0,0,4
12065,0,0,2
22211,0,1,0
12033,1,3,3
27674,1,3,4
21457,0,1,2
2522,0,4,5
14452,1,3,3
19233,0,0,4
14475,0,1,4
8695,1,0,4
22891,0,3,4
470,0,0,4
13167,0,1,0
295,1,1,0
15150,0,3,4
1215,0,4,0
15745,1,1,2
5765,1,3,4
4394,0,5,5
17077,0,3,2
5083,0,3,4
21940,1,0,2
5885,1,3,4
10303,0,2,0
15910,1,2,0
2904,0,0,2
26676,0,1,2
27733,0,4,5
23324,1,5,1
16596,0,4,1
4612,0,1,0
7582,0,1,2
27087,0,3,4
4961,0,0,2
15752,0,1,2
15341,1,3,2
21210,1,3,3
13340,1,1,2
19553,0,4,5
15865,0,0,2
16541,1,3,3
8265,0,5,5
20589,0,3,3
25094,0,4,5
2073,1,3,3
23284,0,1,4
11014,0,2,2
328,0,3,2
16814,0,5,5
13566,1,3,4
8519,0,1,2
10785,0,4,5
935,1,3,3
26602,0,2,0
13069,0,5,5
25358,0,4,1
21811,1,5,5
17021,0,3,4
21244,0,1,4
5992,0,2,2
22110,1,3,3
19986,0,2,2
13734,1,3,3
1833,1,3,2
19952,0,0,4
23019,0,5,5
27708,0,2,0
13356,1,0,4
19595,1,3,3
18965,0,0,4
6544,0,1,2
12579,0,2,0
18358,0,3,4
26405,1,4,5
12171,0,0,2
14790,0,4,0
24101,0,3,2
2230,1,4,5
993,0,1,0
27459,0,3,4
23859,0,2,2
15938,0,3,4
18640,1,0,2
1965,0,3,4
5045,0,5,1
7248,0,1,2
12859,0,3,2
21901,0,5,5
4266,1,3,4
23262,1,3,3
6569,0,0,4
1323,0,4,5
10882,0,3,4
17902,1,3,2
2908,0,5,1
12711,0,2,0
92,1,4,5
16681,0,4,5
27082,0,4,5
26283,0,3,4
12219,0,0,2
21256,0,4,0
3712,0,1,2
11638,0,3,3
10678,1,2,2
4155,0,4,0
21977,0,0,2
14271,0,3,4
9875,0,0,4
26431,1,1,2
9569,1,2,0
20036,1,3,3
17400,1,3,3
25259,0,4,0
23274,1,3,3
919,0,4,0
14315,1,0,4
6701,1,3,4
21260,0,0,2
9781,0,3,4
14433,1,4,0
682,1,3,4
17040,0,0,4
1108,0,5,5
8473,1,3,4
10998,0,1,2
11024,0,4,0
16591,1,2,5
1179,1,2,2
7534,0,1,2
14694,0,4,5
23263,0,3,3
12734,0,5,5
9852,1,3,4
15628,0,3,3
21425,1,3,4
23463,0,2,2
12007,0,3,3
23273,0,1,4
7082,0,3,3
1797,0,3,2
3220,0,1,0
4734,1,3,4
10991,0,5,5
9642,1,0,4
5751,0,4,5
2319,0,2,0
18464,0,3,3
17340,1,3,3
18989,0,5,5
11972,0,5,5
10632,1,4,5
1029,0,0,2
14406,1,3,3
10779,1,4,5
16089,0,2,0
3750,1,3,3
3065,1,3,4
27554,1,3,3
15773,1,5,5
23509,0,0,4
5071,0,3,4
15965,1,4,5
22147,0,3,3
22913,0,0,4
2488,1,1,2
26929,0,0,2
3184,1,2,2
6785,0,3,4
1157,1,1,2
7009,0,1,2
10675,0,5,5
22862,0,5,1
26463,1,5,5
13543,0,3,4
13278,1,4,5
4325,0,0,2
357,1,3,4
12818,1,0,2
7952,0,1,2
19555,0,2,0
16164,0,0,4
4912,0,0,4
26400,0,0,4
15750,1,3,4
24808,0,3,4
4106,0,2,2
565,0,1,4
20128,1,0,4
871,0,4,5
846,0,4,5
4636,0,1,0
4984,0,0,2
3062,1,0,4
25620,0,4,5
25045,0,2,0
2316,1,1,2
20839,0,0,4
1904,0,3,4
3234,1,3,4
25429,1,3,4
15791,0,4,5
12531,0,1,0
19721,0,4,1
20958,1,3,2
17219,0,0,2
16989,1,1,2
16054,1,1,2
13279,1,5,5
3689,0,0,4
2397,0,0,2
25193,0,3,4
19881,0,0,4
7164,0,0,2
1602,0,4,5
10811,0,5,1
22829,1,3,4
369,1,3,4
15565,0,5,5
16869,0,0,4
8761,0,3,2
21763,1,3,4
13259,1,2,0
14099,0,1,2
18452,0,4,5
536,1,2,0
10875,1,0,2
23645,0,0,2
1879,0,0,2
22355,0,1,4
1351,1,1,2
4108,0,4,0
21659,0,3,2
8062,0,4,0
13171,1,4,1
18839,1,3,3
16128,0,2,2
23738,0,4,5
22344,0,1,4
19006,1,3,4
21731,0,0,2
2509,0,4,5
26907,0,3,2
22238,0,2,0
13070,0,4,5
1461,0,3,2
4406,0,4,5
24187,1,3,4
17471,1,3,2
25307,0,5,5
23833,0,4,5
15028,0,0,4
18822,0,1,2
3605,0,0,2
5286,1,3,2
19004,0,4,5
18802,1,3,3
17815,0,4,0
3949,0,1,2
8669,1,0,4
212,1,2,0
24914,0,1,2
21965,1,2,0
19540,1,1,2
3989,0,5,5
12330,0,5,5
2801,0,5,5
24439,0,3,4
27481,0,1,2
10876,1,2,0
9419,0,0,4
13231,1,5,1
12678,0,3,4
23536,0,1,0
8680,0,1,2
11639,1,3,3
1700,1,3,3
24809,1,3,4
6964,1,3,4
5521,0,2,0
7023,0,3,3
4746,0,3,4
5249,0,5,5
21799,1,5,5
14585,0,0,2
858,0,1,2
6980,1,0,4
16946,0,0,2
12305,1,5,5
4176,1,0,2
4170,1,3,3
20995,0,3,4
24184,0,4,5
3042,1,3,4
6301,0,1,2
482,0,2,0
13020,0,5,5
9606,1,0,4
4855,0,3,3
8377,0,3,4
6890,0,1,4
18595,0,2,5
1435,0,1,0
21211,0,3,3
13348,0,5,5
8646,1,0,4
17767,0,2,2
23095,0,3,4
18403,0,2,0
14764,1,3,3
3435,0,4,0
22170,0,3,3
3523,0,3,4
23408,1,5,5
22362,1,3,3
20123,1,5,5
6208,0,2,0
23370,1,3,4
23476,0,4,0
1126,0,1,2
3618,1,3,4
10935,1,0,4
20361,1,3,4
25652,1,0,4
25155,0,0,4
20166,0,1,4
9608,0,4,5
3002,0,2,0
16058,0,3,4
7008,0,2,0
13319,0,3,4
445,0,1,2
2133,1,3,3
8658,0,0,4
21151,0,3,4
27120,0,5,5
10585,1,5,5
25369,0,4,1
6097,0,1,0
12821,0,0,2
13698,1,3,3
16073,1,3,4
10499,1,3,4
8531,0,0,4
4613,0,0,2
22134,0,3,3
5126,0,1,2
22369,0,1,4
26450,1,3,3
885,0,5,5
26724,0,5,5
1974,0,0,2
19761,0,0,2
9013,1,3,3
4542,1,3,3
21690,1,3,4
26806,0,1,4
27036,0,5,1
3819,0,5,1
23429,0,1,2
2565,1,3,3
19209,0,0,4
8312,0,1,4
5402,0,4,5
20601,0,3,3
10259,1,3,4
15374,0,1,0
702,0,5,1
2154,0,0,4
7370,1,3,3
21721,0,1,2
3100,0,4,5
26685,0,5,5
186,0,1,2
4541,0,0,4
10189,1,3,4
2675,0,3,4
20096,0,4,5
2317,1,0,4
24508,0,1,2
19905,1,3,4
15949,0,2,0
11086,0,3,2
11816,0,1,2
21697,0,1,2
20165,0,2,2
18961,1,4,5
7323,0,3,3
25989,0,0,4
9683,0,0,4
12365,0,5,5
4828,0,1,2
6749,0,3,4
10523,1,3,4
18950,1,1,2
21460,0,4,5
21747,0,5,1
2478,1,4,5
12507,0,1,0
13142,0,5,5
9324,1,3,4
13160,1,5,1
24784,0,3,4
25368,0,1,0
17564,0,4,5
1214,1,4,0
18236,0,4,5
3904,0,3,4
8313,0,2,2
11373,0,0,2
25263,0,0,4
8688,1,3,3
1221,0,0,4
23461,0,5,5
18499,0,2,2
4518,1,3,3
14313,1,1,2
3775,1,3,3
26025,1,4,0
12414,1,3,3
21640,1,1,0
5162,0,0,4
16965,1,1,2
17292,1,3,4
21638,0,5,1
26928,0,1,0
26442,0,1,2
11059,0,1,4
9420,1,3,3
10441,1,5,1
8952,1,3,4
15613,0,1,2
21794,0,3,4
18809,0,0,4
9071,0,5,5
24964,0,3,3
644,0,1,0
16607,0,1,0
13242,1,3,4
18555,1,2,2
14131,1,5,1
7201,0,1,2
23812,0,1,2
17963,0,3,4
10576,0,1,2
13663,0,3,3
8603,0,0,4
447,0,3,4
10375,0,5,5
10864,1,4,5
7143,0,3,4
15138,1,3,4
7609,0,3,3
19390,1,3,2
25466,0,3,4
21864,0,2,2
19014,0,1,2
9673,1,3,3
7692,1,4,1
26376,0,1,4
3450,1,3,2
11719,0,3,2
4698,1,3,4
23790,0,3,4
17147,0,0,2
10446,0,4,5
3809,0,0,4
496,0,4,5
1929,0,3,4
23751,0,2,0
26247,0,3,4
6748,1,3,4
27753,0,1,2
24183,0,1,2
19642,1,3,3
18578,1,1,0
5,0,5,1
9924,1,3,3
6497,0,0,4
8671,0,4,5
21629,0,5,5
10368,0,3,3
15961,0,2,0
25526,0,4,5
14753,0,4,0
2669,1,3,2
9935,0,0,4
1148,0,0,4
16908,0,4,0
7657,1,3,3
2024,1,3,4
10834,0,3,4
8591,1,3,3
4289,0,1,0
25139,0,2,0
7031,0,2,2
3547,0,3,4
5944,1,3,3
2847,0,3,3
692,0,1,0
8024,0,1,4
27300,0,1,0
2887,1,5,5
4084,0,4,5
16800,0,2,0
3997,0,2,0
26832,0,5,5
20853,0,3,3
5644,0,2,5
17230,0,1,2
6736,1,3,4
16654,0,1,0
17663,1,3,4
19541,1,0,2
18487,0,1,2
1041,0,3,4
18848,0,4,0
25661,1,4,0
15710,1,2,0
5623,0,3,3
7892,0,1,2
21569,0,5,5
12797,0,0,2
23800,0,1,2
20134,1,3,3
4080,0,2,2
13117,0,5,5
21559,1,5,5
1591,0,4,5
5010,1,3,4
4057,0,0,4
23311,1,3,4
25653,0,5,5
20104,1,4,5
8004,1,3,3
7904,0,1,2
13291,1,5,5
15257,0,0,4
10410,0,2,5
14401,0,2,0
14141,1,1,2
8557,1,3,3
18827,0,5,5
27263,0,2,5
20826,0,1,2
27575,0,0,2
23621,0,0,2
17255,0,0,2
5455,0,3,4
3866,0,4,5
2885,1,3,3
18952,1,2,0
10507,0,4,5
8484,1,3,4
52,0,0,2
18250,1,3,3
22250,0,1,2
19739,1,3,2
25899,0,5,5
4864,0,0,4
1881,0,3,4
6280,0,4,5
25127,0,5,1
4910,1,3,3
13268,1,2,0
16202,0,4,1
23366,0,5,5
24545,0,0,4
20817,0,3,4
21019,0,3,4
22075,0,3,4
19903,0,1,2
51,1,1,0
16560,0,1,4
6242,0,0,4
27494,0,3,3
13447,0,3,4
23585,0,0,2
4744,0,0,4
15753,0,2,0
26938,0,4,5
18500,0,1,2
21054,1,3,4
19183,0,5,5
13001,0,0,4
17998,1,3,4
329,0,4,1
18621,0,2,5
8725,1,3,3
17232,1,3,4
1305,1,5,5
17364,1,3,3
10878,0,1,2
24772,1,3,4
11060,0,2,2
22371,0,3,3
23449,0,0,4
17675,0,3,4
19856,0,2,0
25236,0,4,5
5225,0,5,5
3617,0,0,2
22699,1,3,3
4298,0,4,5
10454,0,0,2
3098,0,2,0
12735,0,1,4
5929,0,0,4
6498,1,3,4
16175,0,0,4
22189,0,2,5
18913,1,1,2
12195,0,0,2
24031,0,3,4
12652,0,1,2
17782,1,3,3
8683,0,0,4
14813,0,0,2
8518,0,0,4
15004,0,0,4
450,1,0,4
6993,0,1,2
2354,1,3,3
24677,0,1,4
25943,0,4,5
19607,0,3,3
10695,0,1,4
2990,0,0,2
4048,0,4,5
12054,0,2,2
22945,0,5,5
26544,0,1,0
3137,1,0,4
16948,0,2,0
9596,0,5,5
25488,0,4,5
12403,0,3,3
23390,0,2,0
19724,0,0,2
1329,1,5,5
8338,0,4,0
12991,0,3,4
1303,1,3,4
2433,1,2,0
12902,0,4,5
7025,1,3,3
6337,0,2,2
18741,0,3,4
23551,0,3,2
4277,0,1,0
9706,0,2,2
16539,0,0,4
18752,0,2,0
9276,1,3,4
27807,0,3,3
22286,0,2,0
6582,1,3,3
19664,0,1,4
1542,0,4,5
13282,0,1,2
954,0,4,0
18775,0,2,0
15977,1,5,1
6761,1,3,4
14947,1,3,3
13128,1,0,4
4589,0,0,2
18949,1,4,5
7686,0,4,1
23380,0,1,2
9549,0,0,2
5716,0,5,1
23884,0,1,4
16656,0,4,5
16728,0,5,1
15786,1,0,4
526,1,4,5
13310,0,1,2
3936,0,2,0
19008,1,5,5
14159,0,3,4
16178,0,3,3
26470,1,2,2
766,1,3,4
13154,0,5,5
15795,1,3,3
8749,0,3,2
14303,1,4,5
8233,1,3,4
22060,0,1,2
8659,1,4,5
13638,1,3,3
13110,1,3,3
22133,0,0,4
6938,1,0,2
8293,1,3,3
16918,0,1,4
26319,0,3,3
2934,1,3,2
10671,0,1,4
6878,0,0,4
4181,0,0,2
7799,0,4,5
7359,0,3,3
17634,0,0,2
4339,0,3,4
3629,0,0,2
26343,0,3,3
2722,1,4,5
2314,1,2,0
1160,0,3,3
18997,1,1,2
15838,0,3,2
128,0,4,5
7739,0,4,1
21261,0,1,0
10583,1,3,4
11290,0,3,3
25642,0,0,4
17387,0,0,4
25708,1,5,5
26378,1,3,3
14440,1,3,3
19674,0,2,2
2798,0,0,4
7322,1,3,3
5497,0,1,2
14573,0,0,2
9525,0,2,0
19173,0,0,2
5584,0,4,0
23493,1,0,4
577,0,0,4
10355,0,0,4
2156,0,3,3
14995,1,3,3
7620,0,3,3
25633,0,3,3
12650,0,4,5
9553,1,3,4
13217,1,3,2
13184,1,4,1
1003,0,1,0
5803,0,5,1
457,0,0,4
21743,0,1,2
16071,0,3,4
27387,1,3,4
14137,0,2,0
25023,0,4,1
23811,0,2,0
25441,0,3,4
1149,1,3,3
10367,0,0,4
15473,1,3,4
18275,1,3,2
20090,1,4,5
20111,1,3,4
12424,0,1,0
23361,1,1,2
14227,1,5,1
19221,0,0,4
18203,0,3,3
18045,0,0,2
3235,0,3,4
476,1,0,4
25860,0,2,0
11107,0,2,0
26451,1,5,5
1360,0,4,5
235,1,5,5
10063,1,0,2
23883,0,2,2
16324,1,3,4
25649,1,2,2
23499,0,0,4
18068,0,0,4
1675,0,0,4
372,0,0,2
10,0,4,1
24511,0,3,4
7932,0,2,0
2725,0,1,2
14923,0,3,4
25571,0,1,2
24582,0,3,4
23810,1,0,4
1371,0,0,4
23517,1,1,4
814,1,3,4
16265,1,3,4
10558,1,2,0
12162,1,3,4
27039,0,3,4
27758,1,3,3
23573,0,0,2
10416,1,4,1
26246,1,3,4
14727,0,4,5
5631,0,1,4
4818,0,3,3
455,1,5,5
550,1,4,0
8857,1,3,4
8916,1,3,4
21342,1,3,2
2832,0,0,4
10639,0,4,0
5476,0,0,4
20155,0,4,5
15829,1,1,0
19039,0,4,5
5610,1,3,3
20,1,1,0
10056,1,3,2
20086,1,4,5
1710,0,5,5
10582,1,1,2
4206,1,3,2
19314,0,5,5
3641,0,0,4
24869,1,3,4
8893,1,3,4
18887,0,5,5
6509,0,1,2
20070,0,3,4
7572,0,3,4
23861,0,0,4
24256,0,0,4
23203,1,3,3
5551,1,3,3
15615,1,3,3
23535,0,2,5
3090,1,4,5
27251,0,2,5
10043,0,1,0
11129,0,0,2
23391,0,1,2
12053,0,0,4
23107,0,3,4
25239,0,0,4
18583,0,1,0
1084,1,1,2
18889,1,4,5
12768,1,0,4
3121,0,5,5
10152,0,3,4
13313,1,3,4
13061,0,0,4
24461,0,0,2
16984,0,2,0
21508,0,1,2
896,0,4,5
20047,0,2,2
3032,1,4,5
4927,0,3,2
8266,0,4,5
25847,0,4,5
10605,1,1,2
2995,1,3,4
2256,1,0,2
19472,0,1,0
26038,0,1,4
5896,0,4,5
13286,0,5,5
391,1,1,2
23327,1,0,2
23189,0,1,2
13505,0,0,2
11360,0,1,4
23767,0,3,4
3046,0,2,0
24402,0,3,2
2500,1,1,2
17651,1,3,4
14149,0,5,1
14239,1,5,1
21362,0,2,0
7993,0,3,3
11531,0,3,4
6018,0,3,2
12498,1,3,4
12470,1,0,2
2446,0,0,2
10927,0,1,2
27083,0,1,2
568,0,4,0
24940,1,3,3
15841,1,0,2
3295,0,3,4
23596,0,1,0
12340,0,1,2
13212,0,4,1
20158,1,4,5
6172,0,2,0
19462,1,3,4
15661,1,0,4
10732,1,4,1
2435,0,1,2
22494,1,3,4
21810,1,4,5
11193,0,5,1
11983,0,0,4
13855,0,3,4
1288,0,1,2
9145,0,3,2
15830,1,2,5
7773,0,4,5
19819,0,4,5
4011,0,2,0
5150,0,4,5
19546,0,3,4
2579,0,2,0
10285,1,3,4
15794,1,2,2
25895,0,4,5
10399,0,4,1
9503,0,1,2
5810,0,1,2
8218,0,4,5
24354,0,3,3
10802,1,2,0
5905,0,0,4
22275,0,4,5
19571,1,3,4
579,0,2,2
26737,0,0,4
13241,1,2,0
14195,1,2,5
21385,0,2,0
2408,1,1,2
7933,0,4,5
18378,0,1,2
3925,0,4,5
2282,0,0,2
2236,0,0,2
17768,0,5,5
15885,0,2,0
22343,0,0,4
2561,1,3,3
311,1,5,1
18712,0,0,2
3107,0,3,3
24737,0,3,4
8350,0,2,2
3208,0,1,0
2291,1,1,2
13251,0,5,1
18260,0,5,5
2036,1,3,4
2702,0,3,4
14376,0,2,0
7812,1,3,4
16693,0,4,5
22026,1,3,4
1185,1,3,3
3168,0,4,0
16635,0,3,2
13175,0,2,5
4131,0,2,2
8325,0,2,2
25788,0,2,0
14583,0,5,1
2843,1,1,4
10424,0,3,2
10031,0,0,2
25813,0,1,0
8832,1,3,4
22602,1,3,4
27386,0,3,4
12415,0,3,3
5318,0,0,2
12631,1,3,4
8869,1,3,4
12522,0,3,4
16738,0,2,0
11039,0,5,5
40,0,0,2
15923,0,2,0
21958,0,1,2
14446,0,1,4
18390,0,4,5
5306,0,4,1
3106,0,2,0
26136,0,1,0
12738,1,3,3
4109,0,5,5
10833,1,3,4
20621,0,2,5
27705,0,5,5
9692,0,5,5
17781,0,4,0
6772,1,3,4
6945,0,2,0
2318,0,5,5
25253,0,3,3
14355,0,4,5
10421,0,0,2
15127,0,3,4
16566,1,1,0
21537,1,2,0
6378,1,3,4
9571,0,4,5
18675,1,2,0
15587,0,5,5
25656,0,2,2
5738,0,1,0
13161,0,5,1
5011,0,3,4
14435,1,1,4
14453,0,3,3
14175,1,1,2
14161,0,5,1
11495,0,3,4
14885,0,0,4
22411,1,3,2
825,0,1,2
18046,1,3,4
12232,0,2,0
298,1,4,1
6617,0,0,4
10065,0,2,5
23445,1,4,5
8532,0,3,3
25525,0,3,4
12892,0,1,0
19061,0,0,4
4924,0,5,1
11410,1,3,4
15902,0,1,0
2439,0,5,1
21639,1,0,2
23293,0,4,5
7498,0,1,2
9841,0,3,4
23871,0,2,2
1711,0,0,4
6920,0,1,2
6066,1,3,2
23131,1,3,4
15854,0,5,1
13215,1,1,0
16609,0,4,1
4058,0,2,0
10681,1,5,5
13290,1,4,5
21365,0,5,1
15688,0,3,4
7822,0,4,5
19979,0,5,5
12798,1,3,2
13433,0,0,2
3988,0,4,5
16454,0,4,5
2834,0,3,3
6760,0,3,4
8649,0,1,2
14286,1,3,4
16455,0,3,3
10636,0,1,4
26148,0,1,0
25133,1,3,4
20781,0,3,4
11968,0,4,5
22783,1,3,4
1388,1,3,3
14309,0,5,1
15601,1,0,4
19331,0,3,3
25264,0,3,3
371,1,5,1
14430,1,3,3
16466,0,3,3
18766,1,3,4
13098,1,3,3
6700,0,3,4
23598,1,3,2
7055,0,2,2
6462,0,3,4
21530,0,3,4
23575,0,3,2
190,0,3,4
12951,0,2,0
20720,1,3,4
8173,1,3,4
22649,0,1,2
18888,1,5,1
10050,1,0,2
25712,1,0,4
16605,0,0,2
7725,0,2,5
19907,0,5,5
3283,0,3,4
2269,0,2,0
4262,0,2,0
14501,0,1,0
6413,0,0,2
3354,1,3,4
18638,1,2,0
13302,1,3,4
26001,0,0,4
24138,0,3,4
14330,0,3,4
5298,0,3,2
17019,0,1,2
25801,0,2,0
479,1,5,5
4134,1,3,3
25121,0,3,4
19304,0,0,4
26077,0,0,2
5699,1,1,0
20308,0,4,5
15778,0,4,5
3785,0,0,4
19050,0,1,2
8111,0,4,5
18825,0,3,3
25394,1,3,4
26738,1,3,4
3144,0,3,3
17017,1,3,4
13034,0,4,5
21866,0,4,5
9180,1,3,4
18916,1,2,0
20897,0,2,2
21700,0,5,1
27099,0,3,4
7683,0,1,0
15293,0,0,4
23486,0,4,0
3367,0,3,3
26797,0,5,5
5033,0,5,1
14716,0,4,5
2334,0,1,2
11097,1,3,2
21950,0,5,1
24905,0,3,3
26060,1,1,4
19327,0,5,5
26466,0,1,2
22278,1,3,4
5478,1,3,4
245,0,5,5
2176,0,2,5
17888,0,0,2
4351,0,3,4
6265,0,0,4
10515,0,1,2
1030,1,3,4
910,0,3,3
20201,0,0,4
13293,0,0,4
19054,1,3,3
5488,0,5,5
15389,1,3,4
582,1,0,4
10125,0,2,0
27303,0,3,4
4614,1,3,2
22981,0,4,5
16597,0,5,1
8137,0,5,1
19686,0,4,1
16312,0,3,4
12976,0,1,2
5154,1,3,4
16552,0,5,5
18284,0,1,0
26402,1,3,3
6025,0,0,2
3175,1,5,5
23340,1,0,2
26974,0,5,1
2738,0,3,4
21855,1,0,4
10601,0,3,3
4313,0,1,2
20730,0,1,2
15351,0,0,2
2811,0,4,5
8470,0,0,4
2001,1,3,4
11717,0,1,0
15744,1,0,4
823,0,5,5
10411,0,3,2
24379,0,3,2
14887,0,3,4
22354,0,0,4
8231,0,4,5
6349,0,1,4
14208,0,1,0
142,0,3,4
21374,0,3,4
23290,1,2,0
24747,0,0,2
2497,0,3,4
20841,0,3,3
22987,1,3,3
3727,1,3,3
26050,0,4,0
309,1,3,2
19147,0,5,1
291,0,3,2
18178,0,3,3
11995,0,3,3
26420,1,4,5
21282,1,4,5
21882,1,4,0
1235,1,3,3
3028,0,5,1
18545,0,2,2
9582,1,0,4
22941,0,1,2
19025,0,0,4
9588,0,2,0
14683,0,3,4
2462,0,3,4
1299,0,4,5
13024,0,1,2
16703,0,2,0
3595,0,3,4
20126,1,4,5
15927,0,4,5
6689,1,3,4
1064,0,1,2
18737,1,4,5
23803,0,3,3
16845,0,0,4
2267,1,1,2
6183,0,2,0
4827,0,2,0
14163,1,1,2
14332,0,5,5
21858,1,4,5
24054,0,4,1
215,1,5,5
2275,1,5,1
11624,0,1,4
10795,0,2,0
16347,0,4,5
20777,0,2,0
1964,1,3,4
706,1,3,4
13336,1,3,3
22111,0,3,3
16313,1,3,4
2323,0,3,4
22948,1,2,0
18875,1,3,3
16885,1,3,3
20060,1,2,0
23788,0,1,2
16740,0,5,1
9157,0,3,2
16730,0,4,5
8773,0,3,2
1015,0,2,0
22517,0,1,0
378,1,0,2
2946,1,3,2
2379,0,5,1
27059,0,1,2
583,1,1,4
2929,0,0,2
24159,0,0,2
12756,0,5,5
14396,1,1,2
6904,1,3,3
14262,1,3,4
9610,0,3,4
27372,0,1,2
10123,1,0,2
10055,0,1,0
14297,0,5,1
21553,0,5,5
21388,0,5,1
2322,0,0,4
6808,1,3,4
7872,0,3,4
1036,0,4,5
21917,1,2,2
3257,0,0,2
25983,1,3,3
27634,0,4,5
17304,1,3,4
5426,0,0,2
13158,1,3,3
26979,0,3,4
15852,0,3,2
14464,0,4,0
19028,0,2,0
17412,1,3,3
26655,0,3,4
4120,0,4,0
4804,0,1,2
5838,0,5,5
14397,1,2,0
8205,0,2,0
19463,0,3,4
9829,0,3,4
5907,0,2,0
349,0,1,0
12617,0,0,4
10826,1,2,0
14445,0,4,0
26831,0,1,4
26460,0,4,5
25213,0,2,0
3115,1,5,5
19618,1,3,3
24653,0,0,4
10691,1,3,3
5215,0,3,3
1204,0,5,5
25034,0,2,0
16108,0,5,5
13357,0,3,3
18902,0,0,2
21275,0,3,4
5742,0,3,4
8667,1,1,2
10381,0,3,3
95,0,3,4
18473,0,5,5
22861,0,4,5
26781,0,2,2
12759,0,2,2
27132,0,5,5
3762,1,3,3
2587,1,5,5
7750,0,2,5
23454,1,3,3
20276,1,3,2
4886,0,4,0
1917,0,3,4
2248,0,2,0
3834,1,4,1
7297,0,0,4
1651,0,5,5
25416,0,2,0
21222,1,3,3
16765,0,5,5
2197,1,0,2
2774,0,2,0
4153,0,2,2
18815,1,3,3
3850,0,0,2
23857,1,0,4
25606,0,0,4
12940,0,1,2
15316,0,3,2
26818,0,5,5
25713,0,0,4
1018,0,1,0
18892,1,2,0
17088,1,3,2
6449,0,0,4
8530,0,1,2
5103,0,1,2
25502,0,3,4
9671,0,3,3
22674,0,3,3
27336,0,1,2
21162,1,3,3
1732,0,0,4
15971,0,1,2
3165,0,1,4
9564,0,3,4
6996,1,4,5
14278,1,1,2
4116,0,0,4
10869,0,3,4
6607,1,3,3
21869,1,2,2
26390,1,3,3
26798,1,3,3
13092,1,0,4
7345,0,0,4
21289,0,5,1
3920,1,2,0
17337,0,5,5
18763,0,1,2
13003,0,3,4
791,0,3,4
18369,0,2,0
27755,0,5,5
23500,0,4,0
16150,1,1,4
19517,0,4,5
13446,1,3,4
21708,0,1,2
20195,1,5,5
9203,0,0,2
17413,0,3,3
20094,0,2,0
3436,0,1,4
26570,1,3,4
20069,0,0,4
7546,0,1,2
18586,0,5,1
10481,0,1,0
4087,1,5,5
23719,0,3,4
9452,0,4,1
19914,0,4,5
17,0,0,2
2788,0,4,5
23635,0,3,4
25850,1,3,4
11036,0,3,3
1701,0,3,3
26007,0,5,5
9547,0,4,5
18226,0,3,3
21437,0,4,5
9449,0,5,1
19,0,1,0
15879,0,5,1
12301,0,0,4
15911,0,1,0
2328,1,0,4
16349,1,5,1
17709,0,5,5
23006,0,2,2
4662,1,3,4
16917,0,0,4
16396,0,5,5
4177,0,5,1
19782,0,4,5
2739,0,4,5
1310,0,0,4
24631,1,3,3
16416,0,0,4
527,1,5,5
21618,0,4,0
18978,0,0,4
25452,0,1,2
15914,0,3,4
25085,1,3,4
14172,0,4,5
25827,0,3,4
22635,0,1,2
25284,0,4,0
7272,0,1,2
6019,0,5,1
10694,0,0,4
7011,0,3,3
15950,0,3,4
21739,1,5,1
10289,1,1,2
13164,1,2,5
4231,1,3,2
8035,1,2,2
10218,1,0,4
2473,0,2,0
6269,0,4,5
20194,1,4,0
9240,1,3,4
15605,1,3,3
26855,0,5,1
5585,0,5,5
14245,0,0,2
15760,1,4,5
458,0,1,2
24413,0,0,2
14334,1,4,5
14249,1,3,4
8590,0,4,0
14378,1,0,4
10328,0,2,2
22109,0,0,4
23371,0,3,4
9512,1,0,2
18239,1,4,5
2593,1,0,4
1581,1,3,4
14491,0,3,2
8458,0,0,4
14081,0,4,5
10818,0,5,1
19533,0,0,2
21625,1,0,4
265,0,1,0
6983,1,2,0
20709,0,3,4
11864,1,3,4
23825,0,0,4
27361,0,0,2
25729,0,1,0
14370,1,3,4
2862,1,4,0
8423,0,0,2
8647,0,4,5
17025,1,1,2
19222,1,3,4
11812,0,2,0
17149,0,3,4
671,0,3,4
20895,0,5,5
11682,0,1,0
10787,1,3,4
17723,1,3,3
27111,0,3,4
18308,0,2,5
11242,0,3,4
15960,0,4,5
21487,1,5,5
10377,0,2,2
1771,0,5,5
16737,0,0,2
5646,1,3,2
7879,0,0,2
944,0,4,0
19925,0,4,5
14200,0,5,1
10029,0,1,0
10209,0,2,0
6366,0,3,3
16994,0,0,4
14294,1,3,4
5778,1,3,4
26469,0,0,4
24077,0,1,0
15687,0,0,2
16572,0,2,5
18296,0,2,5
23433,1,1,2
17746,1,3,3
304,0,4,1
20080,0,0,4
21436,0,3,4
11085,1,3,2
13341,1,3,3
4771,1,3,4
15018,1,3,3
5957,1,3,3
9059,0,5,5
22553,0,0,2
21962,0,5,5
1181,0,4,5
25637,1,4,5
10906,1,3,4
25164,0,4,5
6595,0,3,3
17758,0,3,3
4337,0,0,2
10854,0,0,2
21435,0,2,0
789,0,1,2
12044,1,3,3
9514,0,0,2
7523,0,0,4
14253,1,4,5
12808,0,1,0
19542,0,4,5
21929,1,3,3
21298,0,0,2
10999,0,2,2
17528,0,0,2
13023,0,2,0
26542,0,5,1
26293,0,0,4
15066,1,3,4
16972,0,2,0
179,0,3,4
3113,1,3,3
4839,0,2,0
15959,0,0,2
4250,0,5,1
16704,0,4,5
10905,0,2,0
16501,0,4,0
9463,0,4,5
18267,1,0,2
13902,1,3,4
5718,1,3,4
11279,0,5,5
2590,1,2,2
5526,1,3,4
18736,1,5,5
23510,0,1,4
2607,0,4,0
9780,1,3,4
21363,0,3,4
6084,1,0,2
23249,0,3,3
8711,0,3,3
22781,0,0,2
24098,0,0,2
14164,1,2,0
2784,0,2,0
320,1,2,5
20790,0,1,2
23298,0,1,2
7212,0,1,2
4149,1,1,4
438,0,5,5
16252,0,5,1
14333,1,3,4
15447,0,1,2
15868,0,5,1
6843,0,0,4
6078,1,3,2
1698,0,0,4
5667,0,2,5
14146,0,2,0
23870,1,0,4
10924,1,5,5
21375,0,4,5
9561,0,2,0
18931,0,4,5
22385,1,3,3
14408,0,1,2
5598,1,3,3
7801,1,3,4
11729,0,0,2
19519,0,2,0
6958,1,0,4
718,0,3,4
12292,0,0,4
26331,0,3,3
25250,0,1,4
5201,0,5,5
16345,0,2,0
18620,1,2,5
26520,0,1,0
5416,0,1,2
18891,1,0,2
10756,1,4,1
25812,0,2,0
3179,0,3,3
25228,1,3,3
12099,0,1,0
10182,0,4,5
19053,0,4,5
17053,0,3,3
14300,0,1,2
5933,1,3,3
13232,1,4,5
23369,0,1,2
11745,1,5,1
11663,0,3,3
5129,0,5,5
2935,1,5,1
13174,0,1,0
21412,0,5,1
6403,0,3,4
13363,0,5,5
86,1,1,2
26416,0,4,5
22995,0,4,5
13,1,0,2
15103,0,3,4
10233,0,1,2
505,0,0,4
16334,0,2,0
14217,1,1,0
4998,1,3,4
22299,0,4,5
8785,0,3,2
17840,0,3,3
23774,1,0,4
1340,1,0,4
10444,0,2,0
26638,0,4,5
14092,0,5,1
20167,0,3,3
821,0,0,4
94,1,3,4
26043,1,3,3
3498,1,3,2
519,0,3,3
26355,0,3,3
2919,0,3,2
16815,0,3,4
26702,0,3,4
1052,0,1,2
22685,1,0,4
7981,0,5,5
2730,0,5,5
70,1,3,4
21341,0,5,1
6339,0,4,0
16739,0,1,2
1580,0,3,4
11826,0,1,2
26508,0,1,0
21641,1,3,2
2422,0,1,2
264,0,0,2
15783,1,3,3
4529,0,0,4
436,0,3,4
26667,0,3,4
3831,0,4,1
18798,0,1,2
15543,0,1,2
10790,1,2,0
22277,1,1,2
22959,1,1,2
5760,1,2,0
2313,1,5,5
3942,1,3,4
22734,0,3,3
15985,1,0,2
26452,1,1,2
27143,0,1,2
14467,1,5,5
21796,0,5,5
8636,0,3,4
16619,0,1,0
12331,0,3,3
12710,0,5,5
20931,0,5,5
25082,0,4,5
20469,1,3,4
5687,1,2,5
24148,0,3,4
6259,0,5,5
24245,0,3,4
27586,0,4,5
5141,0,5,5
6029,0,3,2
3223,0,3,4
21839,0,0,4
137,1,0,2
20159,1,5,5
12543,0,0,2
22236,0,0,4
1290,0,4,5
2632,1,0,4
23611,0,3,4
10578,0,3,4
2872,0,5,5
5982,0,3,3
21386,0,3,4
12124,0,0,2
21820,0,4,5
9485,1,0,2
20264,1,3,2
1389,1,5,5
3070,0,1,2
25967,0,5,5
9445,0,3,3
11801,0,2,0
25080,0,0,2
26328,0,1,2
2250,0,3,4
16812,0,4,5
4795,1,3,4
4099,1,3,3
23475,0,1,4
9778,0,1,2
19865,0,1,2
19499,1,3,4
4001,0,4,5
25229,0,3,3
9455,0,1,0
21827,0,0,4
7980,0,3,3
26259,0,3,4
21912,0,2,2
13358,1,3,3
375,0,3,4
611,0,3,2
8112,0,3,4
3847,1,5,1
24725,0,0,4
24996,0,1,0
5491,0,3,4
14850,1,3,4
2595,0,1,2
5128,0,0,4
24426,0,3,4
18779,0,5,5
27095,0,1,2
1808,1,3,2
22804,0,0,2
10304,0,5,5
11839,0,3,4
2070,0,0,4
7880,0,1,2
7046,0,4,0
2545,0,3,4
24076,0,2,5
23773,0,4,5
13204,1,1,0
20092,1,2,0
882,0,4,5
11110,0,3,4
2187,0,0,2
5969,1,3,3
18393,0,2,0
12653,0,0,4
16331,0,0,2
7969,0,5,5
6160,0,1,2
2649,1,2,5
13410,1,3,2
16753,0,4,5
19366,1,3,2
15872,1,4,1
3814,1,0,2
21067,0,3,4
20068,0,1,2
19505,0,4,5
244,0,4,5
21893,0,5,5
3461,0,0,2
3036,0,2,0
26941,0,0,2
17171,0,0,2
5539,0,3,3
13806,1,3,4
4950,1,3,2
25092,0,1,2
15765,1,0,4
14206,1,2,5
8638,0,5,5
11889,1,5,5
27745,0,4,5
24127,1,5,1
27576,0,2,0
10449,1,1,0
9598,0,0,4
18405,0,0,4
21644,0,0,2
13240,1,1,0
239,0,3,3
5849,0,4,5
2268,0,4,5
4429,0,2,0
23176,0,0,4
21486,1,3,4
1257,0,0,4
6136,0,1,2
4094,0,2,2
8506,0,0,4
20150,1,2,2
21804,0,0,4
14311,1,5,1
23423,0,5,5
14524,0,1,0
23303,1,5,1
10124,0,4,5
18083,0,3,4
1592,1,3,4
19161,0,0,2
21819,0,3,4
21264,0,4,1
27218,1,3,3
2061,0,3,3
20222,1,1,4
9949,0,3,3
17865,0,3,3
24257,1,3,4
26002,0,1,2
5682,0,4,1
9263,0,0,2
19435,0,2,0
3840,0,3,2
25295,0,4,0
17000,1,0,4
3343,0,3,4
26723,0,4,5
25037,0,3,4
18717,0,1,2
9361,0,3,3
7033,0,0,4
15821,1,5,1
17819,0,5,5
9444,1,3,3
10340,0,0,4
20883,0,4,0
16157,0,5,5
19987,0,5,5
14250,1,4,5
27204,0,0,4
209,0,5,5
19066,1,3,3
24126,1,3,4
15784,1,4,5
18619,0,1,0
2393,0,5,1
21709,0,2,0
13519,0,3,4
1231,0,0,4
16432,1,3,4
16983,0,1,2
14350,0,2,0
19343,0,3,3
8314,0,5,5
21676,0,5,1
21306,1,4,1
18701,0,2,0
8413,0,3,4
18954,0,0,2
12174,1,3,4
19687,0,1,0
14400,0,4,5
16799,0,4,5
27158,1,3,3
15701,1,5,1
25068,0,1,2
27699,0,3,4
27147,0,3,3
10830,0,1,2
21451,1,4,5
10442,0,0,2
2358,0,4,5
4075,1,5,5
23848,0,1,4
21821,0,5,5
10127,0,0,2
14411,0,2,0
5787,0,2,0
20089,1,1,2
2704,0,5,1
27447,1,3,4
9766,0,1,0
22260,0,1,2
2718,1,4,5
3926,0,5,1
10698,0,5,5
4794,0,3,4
19651,0,2,2
587,1,5,5
25188,0,4,5
1998,0,1,2
25688,1,0,4
10417,1,5,1
13254,1,4,5
3438,0,3,3
12499,0,3,4
10599,0,1,2
25297,0,2,2
26882,1,3,2
25049,0,3,4
3425,0,0,4
20649,0,3,4
14374,0,1,2
12712,0,1,2
381,1,3,4
14634,0,1,2
19713,0,1,0
173,0,4,5
3139,1,3,3
4194,0,3,2
18635,0,5,1
2886,1,4,0
16515,0,3,3
18995,0,3,4
14343,0,4,5
9985,0,3,3
18728,0,1,2
7849,0,5,1
7654,0,1,4
6676,0,3,4
22747,1,3,3
23425,1,5,5
3044,0,0,4
22507,1,3,4
13222,0,0,2
6316,0,4,5
9574,0,1,2
17027,1,3,4
307,1,1,0
19399,0,2,5
18271,0,0,2
19770,0,2,0
18402,0,4,5
7,0,1,0
21881,1,3,3
10518,0,4,5
8709,0,4,5
21446,0,1,2
10561,1,5,5
12786,1,3,3
10075,0,5,1
20187,0,1,4
8730,1,2,2
26787,1,3,3
7214,1,3,4
1276,0,3,4
13332,1,0,4
14307,0,3,4
16384,0,3,4
2361,0,0,2
19375,0,2,5
3691,0,3,4
25419,1,3,4
10307,0,0,4
4003,1,5,5
7415,0,5,5
17685,0,5,5
12594,1,3,4
20188,0,0,4
8257,0,3,4
27816,0,5,5
13063,0,3,3
10284,0,3,4
14715,0,5,5
11860,0,0,2
9601,0,3,4
18428,1,3,4
656,0,0,2
16702,0,1,2
10828,1,0,2
15375,0,0,2
26031,0,5,5
10320,0,3,3
14089,0,1,0
12390,1,3,3
10228,1,2,0
6782,0,1,2
15508,0,3,4
21007,0,3,4
9534,1,1,2
18824,0,4,5
4180,0,2,5
5105,0,5,1
17470,0,3,2
7320,0,1,2
8601,0,2,2
19439,1,3,4
4014,1,3,4
23118,1,3,4
23022,1,3,3
6064,0,4,1
27396,0,1,2
549,1,3,3
25024,1,3,2
20753,0,2,0
25265,1,3,3
3797,0,0,4
22158,1,3,3
10577,0,2,0
10708,1,2,5
25440,0,4,5
5681,1,3,2
22212,0,2,5
8425,1,3,4
538,1,4,5
26428,0,4,5
21605,0,3,3
14742,1,3,3
562,1,4,0
9121,0,3,2
21354,1,4,1
7883,1,3,4
5620,0,4,0
10503,0,0,2
7857,0,5,1
7536,0,3,4
23236,0,1,4
25392,0,4,5
24389,0,0,2
13165,0,2,5
24170,1,0,2
1653,1,3,4
14353,0,0,4
8471,0,2,0
22946,1,0,4
12259,0,3,4
18034,0,3,4
12546,1,3,4
13027,1,3,4
7700,0,1,0
23519,1,4,0
16821,0,0,4
26665,0,0,2
17867,0,5,5
10535,1,3,4
21473,0,3,4
23468,1,1,4
20766,0,1,2
16701,0,0,2
10747,0,0,2
16370,0,4,5
21281,1,3,4
10208,0,4,5
2895,0,4,1
12379,1,3,3
13182,1,4,1
8437,0,3,4
22349,1,3,3
23094,1,3,4
9035,0,5,5
15888,0,3,4
16216,1,3,2
1101,0,1,2
364,0,3,4
5273,0,1,0
13343,0,0,4
10726,1,3,2
18666,0,1,2
11145,0,3,4
3919,1,5,1
19988,0,1,2
9910,0,1,2
9972,1,3,3
19001,0,0,4
8541,0,1,2
12175,0,3,4
16176,0,4,0
18955,0,1,2
22200,0,3,2
554,0,2,2
8036,0,1,4
14188,0,4,1
18515,1,3,3
5858,0,1,2
22768,0,0,4
1796,1,3,2
10551,0,0,4
10988,0,4,5
9685,0,1,4
26820,0,1,4
10405,1,5,1
4649,0,0,2
5512,0,4,5
26618,1,3,4
7760,1,5,1
24857,0,3,4
19592,0,1,2
19079,0,3,2
875,0,3,3
10291,0,5,5
16032,0,4,5
21352,1,2,5
16143,0,3,3
23320,0,2,0
2458,1,0,2
1557,0,3,4
22733,0,1,4
22203,1,0,2
5259,0,0,4
20178,0,0,4
18797,0,0,4
11045,0,0,4
2108,1,3,3
2975,0,4,5
14342,0,3,4
9591,1,2,0
2823,0,0,4
26100,0,1,0
7848,1,3,4
1406,0,1,2
3156,0,4,0
22300,0,5,5
12833,0,0,2
23750,0,4,5
2496,0,2,0
20718,0,1,2
16996,0,2,0
2620,1,1,4
24415,0,3,2
10997,0,0,4
10898,1,2,0
2483,0,2,0
19775,1,3,4
7797,0,2,0
2337,1,2,0
19498,0,3,4
13153,0,4,0
12856,0,1,0
26012,0,0,4
5777,0,5,1
19415,1,3,2
15802,0,2,2
19210,1,3,4
25097,1,3,4
23227,0,3,3
1927,0,0,2
27779,0,2,2
10928,0,4,5
20849,0,2,0
14167,1,5,1
8459,0,1,2
23452,0,1,2
22807,0,3,4
6329,1,3,3
2374,0,0,2
237,0,4,5
8326,0,5,5
26458,0,3,3
15926,0,3,4
18370,0,3,4
13771,0,3,4
4552,0,1,0
16129,0,3,3
5743,0,5,1
17722,0,3,3
14168,0,0,4
18776,0,3,4
14240,1,0,2
5248,0,1,4
8521,1,3,3
18478,1,3,3
14862,1,3,4
23703,0,2,0
24534,0,3,4
24258,0,2,0
1376,1,3,3
3210,1,3,4
14064,0,1,0
16608,0,2,5
10552,0,1,2
16198,0,1,0
12291,0,1,2
12688,0,1,2
7440,1,3,4
27578,1,3,4
14702,0,1,2
8087,0,4,5
12629,0,1,2
18319,0,4,1
4334,0,4,5
14560,0,0,2
19163,0,3,4
21532,0,5,5
7078,0,4,0
8736,0,3,3
23153,0,1,2
22614,0,3,4
15544,0,3,4
20229,1,5,5
15600,0,5,5
10153,1,3,4
26990,1,3,4
22214,0,4,1
5860,0,4,5
6796,1,3,4
7918,0,2,0
2247,0,4,5
1170,1,1,2
22014,1,3,4
16253,1,5,1
26030,0,4,0
18211,0,1,4
15448,0,3,4
6197,0,2,0
3000,0,1,0
23308,0,4,5
1724,1,3,3
8050,0,4,0
24145,0,4,5
9623,0,0,4
5993,1,3,3
25224,0,2,0
19641,0,0,4
5571,0,1,2
494,0,2,0
23341,0,1,2
22287,0,3,4
8411,0,1,2
23885,0,0,4
4913,0,1,4
18570,0,1,0
21732,0,1,2
15820,1,3,2
6619,1,3,3
6363,0,5,5
5475,0,1,2
21948,0,3,4
6818,0,1,2
4311,0,2,0
25287,0,0,4
9107,0,0,2
7855,1,4,5
22483,1,3,4
7371,0,3,3
18871,0,2,2
15876,0,2,5
283,1,1,0
25047,0,4,5
9790,0,1,2
2922,1,0,2
6245,0,5,5
19136,0,1,2
4154,0,3,3
959,0,3,3
17137,0,3,2
11516,0,1,2
18623,1,3,2
10990,1,3,3
23647,0,3,4
14457,1,4,0
20908,0,4,0
19063,0,1,4
920,0,1,4
608,0,1,0
1035,1,1,2
24102,0,4,1
15968,1,1,2
25301,1,3,3
4722,1,3,4
68,0,2,0
22458,1,3,2
